timestamp_us,ref_x,ref_y,ref_z,pos_x,pos_y,pos_z,controller
71720000,-0.041142,0.042133,-4.718697,-0.038706,0.048116,-4.710630,px4_default
71740000,-0.041145,0.042121,-4.717271,-0.038733,0.047833,-4.711465,px4_default
71760000,-0.041150,0.042104,-4.715824,-0.038871,0.046973,-4.713428,px4_default
71780000,-0.041219,0.041844,-4.713356,-0.039029,0.046002,-4.715304,px4_default
71800000,-0.041296,0.041553,-4.710918,-0.039410,0.043909,-4.718741,px4_default
71820000,-0.041565,0.040532,-4.709192,-0.039778,0.041991,-4.721453,px4_default
71840000,-0.041853,0.039434,-4.707506,-0.040523,0.038168,-4.726042,px4_default
71860000,-0.042446,0.037143,-4.706456,-0.041150,0.034980,-4.729360,px4_default
71880000,-0.043074,0.034710,-4.705452,-0.042383,0.028931,-4.734669,px4_default
71900000,-0.044109,0.030647,-4.704982,-0.043370,0.024180,-4.738279,px4_default
71920000,-0.045200,0.026355,-4.704557,-0.045167,0.015590,-4.743413,px4_default
71940000,-0.046789,0.020019,-4.704539,-0.046567,0.009028,-4.746171,px4_default
71960000,-0.048457,0.013349,-4.704557,-0.048956,-0.002009,-4.748818,px4_default
71980000,-0.050701,0.004245,-4.704833,-0.050775,-0.010347,-4.749490,px4_default
72000000,-0.053052,-0.005316,-4.705124,-0.053764,-0.024206,-4.749228,px4_default
72020000,-0.056049,-0.017669,-4.705503,-0.056047,-0.034657,-4.748510,px4_default
72040000,-0.059181,-0.030621,-4.705864,-0.061909,-0.061112,-4.746364,px4_default
72060000,-0.063017,-0.046696,-4.706126,-0.064868,-0.075146,-4.745166,px4_default
72080000,-0.067002,-0.063448,-4.706190,-0.069971,-0.098850,-4.742822,px4_default
72100000,-0.071656,-0.083256,-4.705362,-0.073710,-0.116272,-4.741103,px4_default
72120000,-0.076453,-0.103800,-4.704193,-0.079797,-0.144855,-4.738272,px4_default
72140000,-0.081822,-0.127265,-4.701671,-0.084316,-0.165896,-4.736220,px4_default
72160000,-0.087333,-0.151614,-4.698952,-0.091330,-0.199552,-4.733053,px4_default
72180000,-0.093344,-0.179074,-4.695539,-0.096549,-0.224514,-4.730705,px4_default
72200000,-0.099477,-0.207509,-4.692067,-0.105125,-0.265382,-4.726994,px4_default
72220000,-0.105996,-0.239003,-4.688407,-0.110992,-0.294025,-4.724566,px4_default
72240000,-0.112598,-0.271482,-4.684722,-0.120063,-0.339275,-4.720927,px4_default
72260000,-0.119439,-0.306739,-4.680965,-0.126445,-0.371370,-4.718492,px4_default
72280000,-0.126319,-0.342978,-4.677220,-0.136060,-0.421368,-4.714922,px4_default
72300000,-0.133296,-0.381718,-4.673502,-0.142793,-0.456616,-4.712585,px4_default
72320000,-0.140260,-0.421423,-4.669834,-0.153063,-0.511648,-4.709195,px4_default
72340000,-0.147189,-0.463363,-4.666278,-0.160109,-0.549951,-4.707023,px4_default
72360000,-0.154044,-0.506238,-4.662808,-0.170908,-0.609745,-4.703962,px4_default
72380000,-0.160742,-0.551084,-4.659522,-0.178173,-0.650923,-4.702084,px4_default
72400000,-0.167296,-0.596822,-4.656360,-0.189322,-0.715124,-4.699570,px4_default
72420000,-0.173577,-0.644278,-4.653438,-0.196758,-0.759239,-4.698128,px4_default
72440000,-0.179642,-0.692570,-4.650675,-0.207868,-0.827284,-4.696344,px4_default
72460000,-0.185324,-0.742336,-4.648196,-0.215246,-0.874104,-4.695451,px4_default
72480000,-0.190709,-0.792867,-4.645910,-0.226094,-0.945823,-4.694581,px4_default
72500000,-0.195612,-0.844635,-4.643939,-0.233164,-0.994732,-4.694351,px4_default
72520000,-0.200130,-0.897084,-4.642192,-0.243398,-1.069593,-4.694588,px4_default
72540000,-0.204075,-0.950545,-4.640779,-0.249909,-1.120287,-4.695104,px4_default
72560000,-0.207540,-1.004590,-4.639616,-0.259147,-1.197546,-4.696492,px4_default
72580000,-0.210350,-1.059429,-4.638797,-0.264883,-1.249678,-4.697792,px4_default
72600000,-0.212580,-1.114740,-4.638250,-0.272798,-1.328948,-4.700442,px4_default
72620000,-0.214080,-1.170644,-4.638045,-0.277513,-1.382272,-4.702631,px4_default
72640000,-0.214896,-1.226893,-4.638126,-0.283643,-1.462850,-4.706535,px4_default
72660000,-0.214916,-1.283544,-4.638538,-0.286974,-1.516937,-4.709655,px4_default
72680000,-0.214140,-1.340400,-4.639244,-0.290791,-1.598309,-4.714862,px4_default
72700000,-0.212510,-1.397476,-4.640263,-0.292452,-1.652687,-4.718722,px4_default
72720000,-0.209967,-1.454605,-4.641577,-0.293523,-1.734251,-4.725014,px4_default
72740000,-0.206520,-1.511786,-4.643183,-0.293278,-1.788541,-4.729466,px4_default
72760000,-0.202037,-1.568864,-4.645074,-0.291278,-1.869684,-4.736643,px4_default
72780000,-0.196609,-1.625849,-4.647228,-0.288828,-1.923493,-4.741640,px4_default
72800000,-0.190018,-1.682537,-4.649649,-0.283411,-2.003658,-4.749390,px4_default
72820000,-0.182450,-1.738976,-4.652295,-0.278587,-2.056613,-4.754670,px4_default
72840000,-0.173589,-1.794938,-4.655180,-0.269470,-2.135205,-4.762708,px4_default
72860000,-0.163726,-1.850529,-4.658251,-0.261997,-2.186828,-4.768146,px4_default
72880000,-0.152436,-1.905439,-4.661521,-0.248876,-2.263226,-4.776252,px4_default
72900000,-0.140127,-1.959864,-4.664933,-0.238747,-2.313306,-4.781603,px4_default
72920000,-0.126254,-2.013395,-4.668493,-0.221439,-2.386984,-4.789449,px4_default
72940000,-0.111354,-2.066339,-4.672150,-0.208567,-2.435214,-4.794491,px4_default
72960000,-0.094747,-2.118171,-4.675889,-0.186899,-2.505674,-4.801673,px4_default
72980000,-0.077109,-2.169334,-4.679680,-0.171073,-2.551586,-4.806001,px4_default
73000000,-0.057628,-2.219132,-4.683474,-0.145367,-2.618858,-4.811486,px4_default
73020000,-0.037127,-2.268177,-4.687270,-0.126715,-2.662341,-4.814486,px4_default
73040000,-0.014636,-2.315621,-4.690979,-0.096736,-2.725811,-4.818205,px4_default
73060000,0.008862,-2.362255,-4.694643,-0.075257,-2.766715,-4.820192,px4_default
73080000,0.034495,-2.407033,-4.698112,-0.040990,-2.826087,-4.822487,px4_default
73120000,0.061114,-2.450953,-4.701492,0.021907,-2.918901,-4.824118,px4_default
73120000,0.090018,-2.492761,-4.704554,0.021907,-2.918901,-4.824118,px4_default
73140000,0.119883,-2.533680,-4.707483,0.048934,-2.954010,-4.823944,px4_default
73160000,0.152051,-2.572320,-4.709720,0.091782,-3.004005,-4.822654,px4_default
73180000,0.185095,-2.610093,-4.711694,0.121740,-3.035744,-4.821248,px4_default
73200000,0.220538,-2.645403,-4.712883,0.168817,-3.080843,-4.818455,px4_default
73220000,0.256803,-2.679868,-4.713804,0.201863,-3.108941,-4.816088,px4_default
73240000,0.295629,-2.711632,-4.714153,0.253473,-3.148591,-4.811970,px4_default
73260000,0.335244,-2.742562,-4.714326,0.289381,-3.173163,-4.808819,px4_default
73280000,0.377432,-2.770720,-4.713833,0.345504,-3.207192,-4.803540,px4_default
73300000,0.420326,-2.798115,-4.713158,0.384240,-3.228129,-4.799716,px4_default
73320000,0.465750,-2.822690,-4.711711,0.444848,-3.256417,-4.793493,px4_default
73340000,0.511786,-2.846581,-4.710079,0.486368,-3.273645,-4.789145,px4_default
73360000,0.560373,-2.867589,-4.707791,0.551075,-3.296391,-4.782233,px4_default
73380000,0.609501,-2.887985,-4.705365,0.595557,-3.309699,-4.777441,px4_default
73400000,0.661171,-2.905461,-4.702444,0.664240,-3.326871,-4.770014,px4_default
73420000,0.713306,-2.922402,-4.699433,0.711577,-3.336305,-4.764909,px4_default
73440000,0.767920,-2.936443,-4.695987,0.784309,-3.347810,-4.757096,px4_default
73460000,0.822920,-2.950031,-4.692473,0.834110,-3.353612,-4.751796,px4_default
73480000,0.880293,-2.960706,-4.688626,0.910767,-3.359580,-4.743751,px4_default
73500000,0.937973,-2.971005,-4.684737,0.962930,-3.361840,-4.738369,px4_default
73520000,0.997938,-2.978387,-4.680612,1.043331,-3.362492,-4.730259,px4_default
73540000,1.058141,-2.985464,-4.676463,1.098034,-3.361248,-4.724850,px4_default
73560000,1.120512,-2.989631,-4.672157,1.181685,-3.356906,-4.716773,px4_default
73580000,1.183057,-2.993564,-4.667839,1.238798,-3.352361,-4.711453,px4_default
73600000,1.247658,-2.994596,-4.663440,1.325495,-3.343288,-4.703605,px4_default
73620000,1.312377,-2.995461,-4.659036,1.384526,-3.335742,-4.698500,px4_default
73640000,1.378987,-2.993436,-4.654630,1.474310,-3.322314,-4.691046,px4_default
73660000,1.445663,-2.991309,-4.650224,1.535166,-3.312016,-4.686222,px4_default
73680000,1.514099,-2.986310,-4.645887,1.627910,-3.294652,-4.679256,px4_default
73700000,1.582570,-2.981254,-4.641552,1.690496,-3.281800,-4.674781,px4_default
73720000,1.652627,-2.973380,-4.637357,1.786049,-3.260827,-4.668421,px4_default
73740000,1.722721,-2.965434,-4.633167,1.850566,-3.245686,-4.664375,px4_default
73760000,1.794201,-2.954802,-4.629175,1.948521,-3.221313,-4.658603,px4_default
73780000,1.865736,-2.944046,-4.625195,2.014857,-3.204098,-4.655019,px4_default
73800000,1.938410,-2.930740,-4.621466,2.115311,-3.176717,-4.649960,px4_default
73820000,2.011152,-2.917262,-4.617759,2.183077,-3.157523,-4.646849,px4_default
73840000,2.084844,-2.901361,-4.614346,2.285847,-3.127398,-4.642610,px4_default
73860000,2.158608,-2.885242,-4.610964,2.354903,-3.106388,-4.640032,px4_default
73880000,2.233123,-2.866824,-4.607914,2.459471,-3.073696,-4.636643,px4_default
73900000,2.307706,-2.848148,-4.604908,2.529646,-3.051052,-4.634669,px4_default
73920000,2.382848,-2.827296,-4.602263,2.636026,-3.016143,-4.632258,px4_default
73940000,2.458047,-2.806145,-4.599675,2.707381,-2.992120,-4.630970,px4_default
73960000,2.533637,-2.782932,-4.597471,2.815001,-2.954998,-4.629511,px4_default
73980000,2.609259,-2.759387,-4.595337,2.887240,-2.929661,-4.628952,px4_default
74000000,2.685061,-2.733907,-4.593607,2.995902,-2.890517,-4.628566,px4_default
74020000,2.760869,-2.708061,-4.591959,3.068605,-2.863752,-4.628657,px4_default
74040000,2.836704,-2.680389,-4.590726,3.177927,-2.822598,-4.629333,px4_default
74060000,2.912507,-2.652322,-4.589590,3.250843,-2.794429,-4.630095,px4_default
74080000,2.988173,-2.622540,-4.588874,3.360344,-2.751292,-4.631868,px4_default
74100000,3.063768,-2.592335,-4.588268,3.433240,-2.721851,-4.633384,px4_default
74120000,3.139086,-2.560515,-4.588083,3.542331,-2.676666,-4.636159,px4_default
74140000,3.214271,-2.528254,-4.588020,3.614802,-2.645885,-4.638322,px4_default
74160000,3.289002,-2.494493,-4.588374,3.723030,-2.598733,-4.642040,px4_default
74180000,3.363543,-2.460271,-4.588862,3.794818,-2.566798,-4.644887,px4_default
74200000,3.437505,-2.424644,-4.589758,3.901770,-2.517859,-4.649554,px4_default
74220000,3.511209,-2.388538,-4.590797,3.972528,-2.484623,-4.652966,px4_default
74240000,3.584202,-2.351125,-4.592231,4.077680,-2.433825,-4.658540,px4_default
74260000,3.656864,-2.313219,-4.593817,4.147084,-2.399268,-4.662503,px4_default
74280000,3.728706,-2.274090,-4.595781,4.249920,-2.346591,-4.668932,px4_default
74320000,3.800120,-2.234464,-4.597904,4.417778,-2.256213,-4.680583,px4_default
74320000,3.870573,-2.193721,-4.600382,4.417778,-2.256213,-4.680583,px4_default
74340000,3.940511,-2.152472,-4.603023,4.483476,-2.219262,-4.685603,px4_default
74360000,4.009395,-2.110184,-4.605996,4.580470,-2.162844,-4.693348,px4_default
74380000,4.077663,-2.067387,-4.609133,4.643984,-2.124639,-4.698678,px4_default
74400000,4.144777,-2.023635,-4.612575,4.737543,-2.066397,-4.706822,px4_default
74420000,4.211173,-1.979370,-4.616179,4.798652,-2.027018,-4.712398,px4_default
74440000,4.276335,-1.934222,-4.620060,4.888348,-1.967148,-4.720958,px4_default
74460000,4.340649,-1.888571,-4.624096,4.946860,-1.926646,-4.726746,px4_default
74480000,4.403629,-1.842129,-4.628376,5.032341,-1.865214,-4.735613,px4_default
74500000,4.465644,-1.795186,-4.632798,5.087865,-1.823720,-4.741564,px4_default
74520000,4.526265,-1.747519,-4.637424,5.168900,-1.760700,-4.750509,px4_default
74540000,4.585795,-1.699362,-4.642170,5.221202,-1.718245,-4.756495,px4_default
74560000,4.643872,-1.650554,-4.647076,5.297363,-1.653805,-4.765406,px4_default
74580000,4.700732,-1.601267,-4.652090,5.346458,-1.610410,-4.771297,px4_default
74600000,4.756095,-1.551391,-4.657239,5.417537,-1.544693,-4.780048,px4_default
74620000,4.810089,-1.501070,-4.662487,5.463309,-1.500441,-4.785800,px4_default
74640000,4.862531,-1.450243,-4.667847,5.529119,-1.433589,-4.794292,px4_default
74660000,4.913470,-1.398990,-4.673285,5.571451,-1.388584,-4.799826,px4_default
74680000,4.962836,-1.347291,-4.678804,5.632017,-1.320678,-4.807961,px4_default
74700000,5.010552,-1.295198,-4.684373,5.670607,-1.275081,-4.813228,px4_default
74720000,5.056676,-1.242723,-4.689991,5.725788,-1.206234,-4.820866,px4_default
74740000,5.101004,-1.189880,-4.695630,5.760549,-1.160107,-4.825786,px4_default
74760000,5.143732,-1.136709,-4.701285,5.810030,-1.090505,-4.832859,px4_default
74780000,5.184494,-1.083222,-4.706925,5.841091,-1.043884,-4.837346,px4_default
74800000,5.223645,-1.029478,-4.712551,5.884752,-0.973630,-4.843694,px4_default
74820000,5.260674,-0.975454,-4.718124,5.912048,-0.926586,-4.847669,px4_default
74840000,5.296101,-0.921219,-4.723657,5.949833,-0.855818,-4.853122,px4_default
74860000,5.329240,-0.866753,-4.729093,5.973138,-0.808507,-4.856413,px4_default
74880000,5.360788,-0.812125,-4.734462,6.005293,-0.737384,-4.860776,px4_default
74900000,5.389884,-0.757310,-4.739687,6.024644,-0.689906,-4.863211,px4_default
74920000,5.417408,-0.702373,-4.744821,6.051190,-0.618551,-4.866278,px4_default
74940000,5.442303,-0.647322,-4.749747,6.074121,-0.547094,-4.868607,px4_default
74960000,5.465652,-0.592204,-4.754552,6.087493,-0.499408,-4.869796,px4_default
74980000,5.486199,-0.537024,-4.759093,6.099272,-0.451701,-4.870703,px4_default
75000000,5.505239,-0.481811,-4.763491,6.113893,-0.380114,-4.871513,px4_default
75020000,5.521324,-0.426604,-4.767530,6.121726,-0.332390,-4.871743,px4_default
75040000,5.535954,-0.371399,-4.771391,6.130218,-0.260775,-4.871526,px4_default
75060000,5.547507,-0.316254,-4.774765,6.133871,-0.213022,-4.871057,px4_default
75080000,5.557678,-0.261136,-4.777921,6.136354,-0.141402,-4.869833,px4_default
75100000,5.564626,-0.206107,-4.780557,6.135815,-0.093595,-4.868600,px4_default
75120000,5.570258,-0.151114,-4.782981,6.132150,-0.021925,-4.866161,px4_default
75140000,5.572501,-0.096258,-4.784927,6.127657,0.025872,-4.864095,px4_default
75160000,5.573494,-0.041452,-4.786697,6.117809,0.097584,-4.860399,px4_default
75180000,5.570970,0.013209,-4.788002,6.109293,0.145329,-4.857612,px4_default
75200000,5.567275,0.067824,-4.789153,6.093414,0.216944,-4.852931,px4_default
75220000,5.559955,0.122279,-4.789817,6.080861,0.264607,-4.849562,px4_default
75240000,5.551554,0.176687,-4.790335,6.058694,0.336245,-4.844074,px4_default
75260000,5.539446,0.230932,-4.790300,6.041871,0.383973,-4.840170,px4_default
75280000,5.526356,0.285134,-4.790120,6.013578,0.455500,-4.833954,px4_default
75300000,5.509508,0.339123,-4.789311,5.992463,0.503310,-4.829531,px4_default
75320000,5.491784,0.393062,-4.788357,5.957812,0.574907,-4.822618,px4_default
75340000,5.470226,0.446744,-4.786798,5.932587,0.622667,-4.817792,px4_default
75360000,5.447889,0.500373,-4.785115,5.891580,0.694361,-4.810277,px4_default
75380000,5.421645,0.553681,-4.782909,5.862277,0.742050,-4.805121,px4_default
75400000,5.394716,0.606933,-4.780612,5.814923,0.813829,-4.797098,px4_default
75420000,5.363832,0.659819,-4.777849,5.781329,0.861645,-4.791626,px4_default
75440000,5.332362,0.712650,-4.775017,5.727919,0.933289,-4.783254,px4_default
75460000,5.296937,0.765033,-4.771740,5.690340,0.981013,-4.777579,px4_default
75480000,5.261031,0.817362,-4.768409,5.631057,1.052525,-4.768909,px4_default
75500000,5.221153,0.869192,-4.764666,5.589448,1.100411,-4.763000,px4_default
75520000,5.180889,0.920974,-4.760882,5.524285,1.172019,-4.754023,px4_default
75540000,5.136647,0.972186,-4.756732,5.455699,1.243541,-4.744959,px4_default
75560000,5.092112,1.023357,-4.752553,5.407966,1.291400,-4.738885,px4_default
75580000,5.043590,1.073897,-4.748047,5.358878,1.338962,-4.732806,px4_default
75600000,4.994865,1.124405,-4.743523,5.282276,1.410581,-4.723716,px4_default
75620000,4.942185,1.174182,-4.738713,5.229389,1.458206,-4.717690,px4_default
75640000,4.889390,1.223938,-4.733895,5.147370,1.529434,-4.708703,px4_default
75660000,4.832662,1.272899,-4.728795,5.061993,1.600732,-4.699808,px4_default
75680000,4.775856,1.321843,-4.723690,5.003325,1.648082,-4.693933,px4_default
75700000,4.715243,1.369921,-4.718354,4.943250,1.695327,-4.688102,px4_default
75720000,4.654509,1.417969,-4.713014,4.850698,1.765738,-4.679450,px4_default
75740000,4.590129,1.465094,-4.707529,4.787321,1.812555,-4.673756,px4_default
75760000,4.525561,1.512162,-4.702039,4.689794,1.882550,-4.665350,px4_default
75780000,4.457575,1.558224,-4.696457,4.623235,1.928835,-4.659830,px4_default
75800000,4.389337,1.604203,-4.690871,4.520917,1.998224,-4.651771,px4_default
75820000,4.317855,1.649128,-4.685237,4.451198,2.044146,-4.646526,px4_default
75840000,4.246063,1.693941,-4.679603,4.344397,2.112472,-4.638880,px4_default
75860000,4.171216,1.737646,-4.673963,4.271635,2.157895,-4.633971,px4_default
75880000,4.096003,1.781206,-4.668326,4.160420,2.225228,-4.626817,px4_default
75900000,4.017901,1.823618,-4.662720,4.084875,2.269742,-4.622211,px4_default
75920000,3.939389,1.865845,-4.657125,3.969533,2.335872,-4.615574,px4_default
75940000,3.858205,1.906861,-4.651596,3.891359,2.379326,-4.611302,px4_default
75960000,3.776567,1.947653,-4.646084,3.772128,2.444007,-4.605227,px4_default
75980000,3.692414,1.987202,-4.640668,3.691460,2.486255,-4.601316,px4_default
76000000,3.607770,2.026483,-4.635277,3.568652,2.549008,-4.595755,px4_default
76020000,3.520785,2.064484,-4.630007,3.485631,2.590158,-4.592229,px4_default
76040000,3.433278,2.102170,-4.624772,3.359432,2.650804,-4.587209,px4_default
76060000,3.343596,2.138542,-4.619681,3.274199,2.690755,-4.584068,px4_default
76080000,3.253365,2.174553,-4.614633,3.144800,2.749394,-4.579644,px4_default
76100000,3.161102,2.209226,-4.609748,3.057521,2.787776,-4.576904,px4_default
76120000,3.068280,2.243480,-4.604918,2.925143,2.844184,-4.573108,px4_default
76140000,2.973622,2.276359,-4.600267,2.835961,2.880822,-4.570759,px4_default
76160000,2.878386,2.308765,-4.595682,2.700817,2.934690,-4.567606,px4_default
76180000,2.781451,2.339781,-4.591289,2.609876,2.969609,-4.565693,px4_default
76200000,2.683932,2.370266,-4.586971,2.472245,3.020445,-4.563127,px4_default
76220000,2.584862,2.399342,-4.582856,2.379754,3.053467,-4.561636,px4_default
76240000,2.485200,2.427828,-4.578828,2.239890,3.101069,-4.559613,px4_default
76260000,2.384113,2.454895,-4.575008,2.146013,3.131875,-4.558494,px4_default
76280000,2.282454,2.481305,-4.571286,2.004218,3.176214,-4.557076,px4_default
76300000,2.179546,2.506276,-4.567779,1.909102,3.204606,-4.556333,px4_default
76320000,2.076069,2.530526,-4.564380,1.765637,3.245388,-4.555486,px4_default
76340000,1.971461,2.553335,-4.561197,1.669461,3.271263,-4.555040,px4_default
76360000,1.866302,2.575353,-4.558134,1.524571,3.308307,-4.554545,px4_default
76380000,1.760139,2.595927,-4.555287,1.427545,3.331677,-4.554265,px4_default
76400000,1.653441,2.615641,-4.552568,1.281404,3.364688,-4.553981,px4_default
76420000,1.545846,2.633915,-4.550065,1.183643,3.385392,-4.553964,px4_default
76440000,1.437765,2.651248,-4.547699,1.036457,3.414255,-4.554143,px4_default
76460000,1.328939,2.667140,-4.545545,0.938041,3.432079,-4.554417,px4_default
76480000,1.219655,2.682018,-4.543535,0.790046,3.456645,-4.555069,px4_default
76500000,1.109721,2.695462,-4.541730,0.691134,3.471505,-4.555649,px4_default
76520000,0.999378,2.707832,-4.540022,0.542537,3.491588,-4.556791,px4_default
76540000,0.888502,2.718802,-4.538439,0.443314,3.503446,-4.557686,px4_default
76560000,0.777268,2.728636,-4.536962,0.294454,3.519036,-4.559312,px4_default
76580000,0.665603,2.737104,-4.535611,0.195173,3.527889,-4.560536,px4_default
76600000,0.553685,2.744365,-4.534440,0.046260,3.538856,-4.562577,px4_default
76620000,0.441487,2.750293,-4.533467,-0.052858,3.544666,-4.564079,px4_default
76640000,0.329118,2.754968,-4.532689,-0.201438,3.551038,-4.566436,px4_default
76660000,0.216575,2.758367,-4.532110,-0.300326,3.553741,-4.568108,px4_default
76680000,0.103966,2.760468,-4.531738,-0.448283,3.555453,-4.570767,px4_default
76700000,-0.008705,2.761346,-4.531561,-0.546709,3.555025,-4.572633,px4_default
76720000,-0.121345,2.760882,-4.531601,-0.693713,3.552025,-4.575717,px4_default
76740000,-0.233957,2.759249,-4.531830,-0.791367,3.548461,-4.577876,px4_default
76760000,-0.346384,2.756228,-4.532284,-0.937257,3.540784,-4.581265,px4_default
76780000,-0.458663,2.752096,-4.532917,-1.034073,3.534129,-4.583623,px4_default
76800000,-0.570647,2.746543,-4.533736,-1.178571,3.521863,-4.587313,px4_default
76820000,-0.682412,2.739942,-4.534692,-1.274219,3.512162,-4.589900,px4_default
76840000,-0.793758,2.731894,-4.535821,-1.416897,3.495376,-4.593920,px4_default
76860000,-0.904821,2.722862,-4.537068,-1.511349,3.482713,-4.596692,px4_default
76880000,-1.015364,2.712350,-4.538534,-1.651958,3.461543,-4.600998,px4_default
76900000,-1.125584,2.700915,-4.540138,-1.745064,3.445997,-4.603955,px4_default
76920000,-1.235135,2.687988,-4.541986,-1.883434,3.420510,-4.608582,px4_default
76940000,-1.344304,2.674208,-4.543972,-1.974943,3.402124,-4.611757,px4_default
76960000,-1.452704,2.658928,-4.546209,-2.111051,3.372496,-4.616642,px4_default
76980000,-1.560702,2.642863,-4.548577,-2.200842,3.351402,-4.620032,px4_default
77000000,-1.667809,2.625295,-4.551202,-2.334355,3.317809,-4.625242,px4_default
77020000,-1.774489,2.607008,-4.553949,-2.422367,3.294143,-4.628826,px4_default
77040000,-1.880172,2.587216,-4.556956,-2.553107,3.256791,-4.634321,px4_default
77060000,-1.985418,2.566767,-4.560076,-2.639285,3.230697,-4.638072,px4_default
77080000,-2.089496,2.544824,-4.563454,-2.766929,3.189810,-4.643816,px4_default
77100000,-2.193113,2.522291,-4.566935,-2.892691,3.146877,-4.649701,px4_default
77120000,-2.295444,2.498268,-4.570674,-2.975439,3.117165,-4.653707,px4_default
77140000,-2.397317,2.473712,-4.574505,-3.057302,3.086577,-4.657776,px4_default
77160000,-2.497766,2.447679,-4.578591,-3.178478,3.039091,-4.664000,px4_default
77180000,-2.597756,2.421170,-4.582758,-3.257998,3.006395,-4.668251,px4_default
77200000,-2.696178,2.393198,-4.587174,-3.375697,2.955802,-4.674703,px4_default
77220000,-2.794148,2.364806,-4.591661,-3.452974,2.921062,-4.679064,px4_default
77240000,-2.890422,2.334964,-4.596389,-3.567098,2.867504,-4.685691,px4_default
77260000,-2.986262,2.304751,-4.601178,-3.642072,2.830861,-4.690151,px4_default
77280000,-3.080214,2.273123,-4.606195,-3.752535,2.774560,-4.696970,px4_default
77300000,-3.173742,2.241177,-4.611263,-3.825125,2.736144,-4.701532,px4_default
77320000,-3.265245,2.207836,-4.616547,-3.931901,2.677313,-4.708491,px4_default
77340000,-3.356354,2.174224,-4.621872,-4.001836,2.637304,-4.713175,px4_default
77360000,-3.445279,2.139246,-4.627397,-4.104835,2.576152,-4.720263,px4_default
77380000,-3.533840,2.104040,-4.632955,-4.172083,2.534670,-4.725059,px4_default
77400000,-3.620072,2.067495,-4.638694,-4.271095,2.471366,-4.732270,px4_default
77420000,-3.705978,2.030762,-4.644459,-4.335750,2.428484,-4.737091,px4_default
77440000,-3.789349,1.992743,-4.650380,-4.430660,2.363185,-4.744328,px4_default
77460000,-3.872431,1.954577,-4.656319,-4.492635,2.319014,-4.749138,px4_default
77480000,-3.952829,1.915159,-4.662392,-4.583290,2.251851,-4.756344,px4_default
77500000,-4.032985,1.875629,-4.668476,-4.642344,2.206491,-4.761110,px4_default
77520000,-4.110283,1.834892,-4.674665,-4.728829,2.137622,-4.768185,px4_default
77540000,-4.187391,1.794075,-4.680862,-4.784935,2.091232,-4.772861,px4_default
77560000,-4.261483,1.752090,-4.687134,-4.867178,2.020879,-4.779769,px4_default
77580000,-4.335442,1.710054,-4.693409,-4.920428,1.973558,-4.784301,px4_default
77600000,-4.406168,1.666925,-4.699722,-4.998188,1.901920,-4.790964,px4_default
77620000,-4.476821,1.623771,-4.706037,-5.048503,1.853769,-4.795324,px4_default
77640000,-4.544078,1.579571,-4.712352,-5.121673,1.780996,-4.801742,px4_default
77660000,-4.611266,1.535351,-4.718668,-5.169003,1.732118,-4.805927,px4_default
77680000,-4.674999,1.490182,-4.724945,-5.237467,1.658341,-4.811999,px4_default
77700000,-4.738594,1.444978,-4.731218,-5.281546,1.608838,-4.815948,px4_default
77720000,-4.798712,1.398912,-4.737416,-5.345298,1.534146,-4.821710,px4_default
77740000,-4.858610,1.352800,-4.743606,-5.386065,1.484107,-4.825392,px4_default
77760000,-4.914971,1.305943,-4.749677,-5.444922,1.408688,-4.830708,px4_default
77780000,-4.971029,1.259029,-4.755734,-5.482512,1.358203,-4.834081,px4_default
77800000,-5.023540,1.211452,-4.761633,-5.536448,1.282201,-4.838837,px4_default
77820000,-5.075660,1.163812,-4.767510,-5.570867,1.231359,-4.841797,px4_default
77840000,-5.124213,1.115599,-4.773189,-5.620068,1.154910,-4.845859,px4_default
77860000,-5.172286,1.067319,-4.778836,-5.651319,1.103821,-4.848338,px4_default
77880000,-5.216788,1.018541,-4.784245,-5.695573,1.027097,-4.851681,px4_default
77900000,-5.260709,0.969701,-4.789609,-5.723433,0.975859,-4.853684,px4_default
77920000,-5.301033,0.920470,-4.794696,-5.762744,0.898898,-4.856332,px4_default
77940000,-5.340679,0.871178,-4.799725,-5.787179,0.847537,-4.857794,px4_default
77960000,-5.376736,0.821567,-4.804441,-5.821426,0.770403,-4.859545,px4_default
77980000,-5.412015,0.771903,-4.809072,-5.842574,0.718913,-4.860375,px4_default
78000000,-5.443736,0.721997,-4.813314,-5.871737,0.641610,-4.861105,px4_default
78020000,-5.474576,0.672044,-4.817452,-5.889530,0.590069,-4.861306,px4_default
78040000,-5.501882,0.621898,-4.821171,-5.913448,0.512700,-4.861187,px4_default
78060000,-5.528193,0.571715,-4.824776,-5.927650,0.461128,-4.860878,px4_default
78080000,-5.550967,0.521403,-4.827977,-5.946314,0.383808,-4.860079,px4_default
78100000,-5.572648,0.471059,-4.831034,-5.956993,0.332285,-4.859319,px4_default
78120000,-5.590855,0.420615,-4.833635,-5.970351,0.255061,-4.857852,px4_default
78140000,-5.607876,0.370152,-4.836052,-5.977358,0.203551,-4.856658,px4_default
78160000,-5.621512,0.319634,-4.837940,-5.985241,0.126386,-4.854540,px4_default
78180000,-5.633857,0.269107,-4.839634,-5.988670,0.074964,-4.852911,px4_default
78200000,-5.642873,0.218556,-4.840829,-5.991077,-0.002133,-4.850077,px4_default
78220000,-5.650490,0.167996,-4.841841,-5.990951,-0.053435,-4.847893,px4_default
78240000,-5.654832,0.117417,-4.842423,-5.987942,-0.130479,-4.844124,px4_default
78260000,-5.657678,0.066841,-4.842810,-5.984171,-0.181803,-4.841302,px4_default
78280000,-5.657342,0.016275,-4.842781,-5.975817,-0.258709,-4.836670,px4_default
78300000,-5.655416,-0.034286,-4.842545,-5.968303,-0.310076,-4.833347,px4_default
78320000,-5.650402,-0.084835,-4.841906,-5.954294,-0.386961,-4.828126,px4_default
78340000,-5.643706,-0.135372,-4.841043,-5.943044,-0.438203,-4.824457,px4_default
78360000,-5.634022,-0.185888,-4.839782,-5.923429,-0.514878,-4.818719,px4_default
78380000,-5.622584,-0.236388,-4.838254,-5.908460,-0.565978,-4.814713,px4_default
78400000,-5.608284,-0.286863,-4.836292,-5.883176,-0.642592,-4.808453,px4_default
78420000,-5.592158,-0.337291,-4.834048,-5.864497,-0.693504,-4.804134,px4_default
78440000,-5.573295,-0.387650,-4.831386,-5.833519,-0.770022,-4.797436,px4_default
78460000,-5.552516,-0.437940,-4.828479,-5.811007,-0.820916,-4.792844,px4_default
78480000,-5.529096,-0.488132,-4.825236,-5.774445,-0.897051,-4.785796,px4_default
78500000,-5.503692,-0.538227,-4.821769,-5.748069,-0.947861,-4.781003,px4_default
78520000,-5.475770,-0.588196,-4.818017,-5.705753,-1.023737,-4.773678,px4_default
78540000,-5.445808,-0.638043,-4.814048,-5.675635,-1.074220,-4.768690,px4_default
78560000,-5.413457,-0.687747,-4.809823,-5.627612,-1.149796,-4.761051,px4_default
78580000,-5.379021,-0.737283,-4.805392,-5.593795,-1.199913,-4.755871,px4_default
78600000,-5.342337,-0.786637,-4.800740,-5.540130,-1.275132,-4.747983,px4_default
78620000,-5.303518,-0.835791,-4.795901,-5.502646,-1.324826,-4.742662,px4_default
78640000,-5.262573,-0.884745,-4.790876,-5.443558,-1.399360,-4.734666,px4_default
78660000,-5.219451,-0.933459,-4.785682,-5.402369,-1.448779,-4.729316,px4_default
78680000,-5.174330,-0.981952,-4.780331,-5.337909,-1.522468,-4.721269,px4_default
78700000,-5.126997,-1.030168,-4.774816,-5.293053,-1.571513,-4.715948,px4_default
78720000,-5.077788,-1.078149,-4.769162,-5.223179,-1.644484,-4.707984,px4_default
78740000,-5.026357,-1.125790,-4.763356,-5.174810,-1.692872,-4.702705,px4_default
78760000,-4.973191,-1.173166,-4.757433,-5.099545,-1.765045,-4.694849,px4_default
78780000,-4.917772,-1.220148,-4.751394,-5.047673,-1.812699,-4.689656,px4_default
78800000,-4.860733,-1.266847,-4.745272,-4.967088,-1.883965,-4.681989,px4_default
78820000,-4.801429,-1.313085,-4.739070,-4.911683,-1.931066,-4.676932,px4_default
78840000,-4.740624,-1.359017,-4.732816,-4.826087,-2.001060,-4.669432,px4_default
78860000,-4.677543,-1.404426,-4.726507,-4.767259,-2.047531,-4.664518,px4_default
78880000,-4.613076,-1.449516,-4.720165,-4.676775,-2.116117,-4.657226,px4_default
78900000,-4.546354,-1.493994,-4.713799,-4.614794,-2.161622,-4.652454,px4_default
78920000,-4.478376,-1.538132,-4.707419,-4.519580,-2.228950,-4.645402,px4_default
78940000,-4.408144,-1.581589,-4.701042,-4.454583,-2.273370,-4.640788,px4_default
78960000,-4.336760,-1.624700,-4.694667,-4.354854,-2.339256,-4.634016,px4_default
78980000,-4.263138,-1.667051,-4.688323,-4.286948,-2.382487,-4.629587,px4_default
79000000,-4.188471,-1.709049,-4.681993,-4.182898,-2.446739,-4.623119,px4_default
79020000,-4.111575,-1.750214,-4.675722,-4.112134,-2.488892,-4.618936,px4_default
79040000,-4.033731,-1.791024,-4.669476,-4.003935,-2.551057,-4.612871,px4_default
79060000,-3.953712,-1.830901,-4.663318,-3.930431,-2.592003,-4.608986,px4_default
79080000,-3.872857,-1.870420,-4.657194,-3.818277,-2.652162,-4.603324,px4_default
79120000,-3.789846,-1.908925,-4.651185,-3.626328,-2.749546,-4.594473,px4_default
79120000,-3.706087,-1.947079,-4.645216,-3.626328,-2.749546,-4.594473,px4_default
79140000,-3.620212,-1.984129,-4.639388,-3.547869,-2.787291,-4.591090,px4_default
79160000,-3.533679,-2.020835,-4.633605,-3.428468,-2.842751,-4.586206,px4_default
79180000,-3.445058,-2.056351,-4.627989,-3.347758,-2.878767,-4.583093,px4_default
79200000,-3.355858,-2.091537,-4.622420,-3.225121,-2.931794,-4.578730,px4_default
79220000,-3.264659,-2.125422,-4.617046,-3.142332,-2.966215,-4.576004,px4_default
79240000,-3.172969,-2.158988,-4.611721,-3.016651,-3.016414,-4.572167,px4_default
79260000,-3.079322,-2.191164,-4.606614,-2.931938,-3.049121,-4.569811,px4_default
79280000,-2.985254,-2.223040,-4.601554,-2.803470,-3.096548,-4.566486,px4_default
79300000,-2.889294,-2.253424,-4.596737,-2.716938,-3.127198,-4.564460,px4_default
79320000,-2.792982,-2.283530,-4.591965,-2.585887,-3.171660,-4.561723,px4_default
79340000,-2.694851,-2.312042,-4.587458,-2.497691,-3.200142,-4.560060,px4_default
79360000,-2.596431,-2.340301,-4.582993,-2.364336,-3.241452,-4.557895,px4_default
79380000,-2.496249,-2.366866,-4.578813,-2.274703,-3.267847,-4.556613,px4_default
79400000,-2.395833,-2.393207,-4.574670,-2.139207,-3.305685,-4.554945,px4_default
79420000,-2.293786,-2.417734,-4.570833,-2.048246,-3.329736,-4.554009,px4_default
79440000,-2.191565,-2.442067,-4.567029,-1.910914,-3.364022,-4.552840,px4_default
79460000,-2.087781,-2.464484,-4.563547,-1.818916,-3.385828,-4.552262,px4_default
79480000,-1.983868,-2.486742,-4.560092,-1.680109,-3.416604,-4.551545,px4_default
79500000,-1.878493,-2.506972,-4.556976,-1.587143,-3.435950,-4.551162,px4_default
79520000,-1.773030,-2.527080,-4.553880,-1.447097,-3.463145,-4.550714,px4_default
79540000,-1.666185,-2.545051,-4.551136,-1.353280,-3.479934,-4.550494,px4_default
79560000,-1.559287,-2.562941,-4.548407,-1.212107,-3.503304,-4.550415,px4_default
79580000,-1.451171,-2.578568,-4.546041,-1.117615,-3.517515,-4.550516,px4_default
79600000,-1.343031,-2.594149,-4.543684,-0.975361,-3.536755,-4.550915,px4_default
79620000,-1.233774,-2.607372,-4.541697,-0.880355,-3.548307,-4.551399,px4_default
79640000,-1.124494,-2.620538,-4.539716,-0.737417,-3.563477,-4.552368,px4_default
79660000,-1.014272,-2.631354,-4.538001,-0.641959,-3.572230,-4.553182,px4_default
79680000,-0.904015,-2.642063,-4.536298,-0.498472,-3.583184,-4.554616,px4_default
79700000,-0.792975,-2.650441,-4.534834,-0.402741,-3.589103,-4.555746,px4_default
79720000,-0.681898,-2.658659,-4.533394,-0.259075,-3.595908,-4.557684,px4_default
79740000,-0.570288,-2.664557,-4.532295,-0.163200,-3.598987,-4.559093,px4_default
79760000,-0.458646,-2.670244,-4.531229,-0.019542,-3.601654,-4.561471,px4_default
79780000,-0.346651,-2.673657,-4.530535,0.076209,-3.602026,-4.563157,px4_default
79800000,-0.234637,-2.676810,-4.529884,0.219739,-3.600498,-4.565803,px4_default
79820000,-0.122471,-2.677740,-4.529603,0.315207,-3.598164,-4.567695,px4_default
79840000,-0.010307,-2.678361,-4.529373,0.458242,-3.592531,-4.570620,px4_default
79860000,0.101843,-2.676810,-4.529508,0.553367,-3.587418,-4.572706,px4_default
79880000,0.213952,-2.674900,-4.529702,0.695646,-3.577690,-4.576052,px4_default
79900000,0.325815,-2.670873,-4.530248,0.790269,-3.569775,-4.578382,px4_default
79920000,0.437600,-2.666438,-4.530858,0.931514,-3.555973,-4.582139,px4_default
79940000,0.548992,-2.659944,-4.531782,1.025448,-3.545305,-4.584706,px4_default
79960000,0.660259,-2.653001,-4.532759,1.165464,-3.527430,-4.588807,px4_default
79980000,0.770982,-2.644077,-4.533967,1.258351,-3.514169,-4.591640,px4_default
80000000,0.881538,-2.634662,-4.535238,1.396940,-3.492284,-4.596033,px4_default
80020000,0.991446,-2.623338,-4.536749,1.488634,-3.476487,-4.599095,px4_default
80040000,1.101121,-2.611482,-4.538346,1.625384,-3.450810,-4.603811,px4_default
80060000,1.210001,-2.597799,-4.540242,1.715878,-3.432459,-4.607066,px4_default
80080000,1.318599,-2.583553,-4.542232,1.850546,-3.403072,-4.612107,px4_default
80100000,1.426333,-2.567572,-4.544511,1.939704,-3.382203,-4.615529,px4_default
80120000,1.533724,-2.551000,-4.546892,2.072037,-3.349197,-4.620858,px4_default
80140000,1.640168,-2.532787,-4.549551,2.159485,-3.325997,-4.624509,px4_default
80160000,1.746210,-2.513954,-4.552319,2.289456,-3.289434,-4.630110,px4_default
80180000,1.851248,-2.493571,-4.555354,2.375079,-3.264017,-4.633990,px4_default
80200000,1.955795,-2.472546,-4.558502,2.502548,-3.224048,-4.639881,px4_default
80220000,2.059232,-2.450069,-4.561903,2.586436,-3.196442,-4.643941,px4_default
80240000,2.162111,-2.426930,-4.565419,2.710998,-3.153382,-4.650115,px4_default
80260000,2.263834,-2.402423,-4.569176,2.793023,-3.123678,-4.654321,px4_default
80280000,2.364916,-2.377237,-4.573050,2.914493,-3.077629,-4.660800,px4_default
80320000,2.464787,-2.350770,-4.577149,3.112812,-2.996984,-4.671963,px4_default
80320000,2.563930,-2.323611,-4.581367,3.112812,-2.996984,-4.671963,px4_default
80340000,2.661813,-2.295255,-4.585793,3.190619,-2.963432,-4.676547,px4_default
80360000,2.758884,-2.266194,-4.590338,3.305750,-2.911717,-4.683514,px4_default
80380000,2.854667,-2.236012,-4.595073,3.381206,-2.876421,-4.688280,px4_default
80400000,2.949522,-2.205125,-4.599925,3.492841,-2.822091,-4.695498,px4_default
80420000,3.043022,-2.173207,-4.604948,3.566066,-2.785031,-4.700380,px4_default
80440000,3.135504,-2.140577,-4.610085,3.674038,-2.728211,-4.707797,px4_default
80460000,3.226615,-2.106988,-4.615374,3.744915,-2.689482,-4.712777,px4_default
80480000,3.316602,-2.072688,-4.620770,3.849290,-2.630281,-4.720339,px4_default
80500000,3.405193,-2.037505,-4.626302,3.917724,-2.590033,-4.725399,px4_default
80520000,3.492559,-2.001609,-4.631934,4.018130,-2.528669,-4.733104,px4_default
80540000,3.578524,-1.964898,-4.637681,4.083804,-2.487053,-4.738258,px4_default
80560000,3.663126,-1.927489,-4.643518,4.180391,-2.423608,-4.745997,px4_default
80580000,3.746294,-1.889345,-4.649451,4.243254,-2.380745,-4.751197,px4_default
80600000,3.827991,-1.850510,-4.655462,4.335695,-2.315458,-4.758961,px4_default
80620000,3.908257,-1.811002,-4.661550,4.395919,-2.271348,-4.764133,px4_default
80640000,3.986931,-1.770817,-4.667701,4.484139,-2.204369,-4.771858,px4_default
80660000,4.064173,-1.730024,-4.673911,4.541671,-2.159137,-4.776954,px4_default
80680000,4.139704,-1.688565,-4.680169,4.625608,-2.090654,-4.784563,px4_default
80700000,4.213819,-1.646556,-4.686467,4.680194,-2.044497,-4.789561,px4_default
80720000,4.286069,-1.603914,-4.692793,4.759987,-1.974550,-4.796933,px4_default
80740000,4.356898,-1.560791,-4.699139,4.811761,-1.927474,-4.801758,px4_default
80760000,4.425737,-1.517054,-4.705492,4.887270,-1.856235,-4.808860,px4_default
80780000,4.493181,-1.472886,-4.711849,4.935942,-1.808410,-4.813488,px4_default
80800000,4.558496,-1.428134,-4.718187,5.006854,-1.736068,-4.820240,px4_default
80820000,4.622437,-1.383005,-4.724514,5.052577,-1.687511,-4.824612,px4_default
80840000,4.684118,-1.337316,-4.730795,5.118821,-1.614223,-4.830975,px4_default
80860000,4.744456,-1.291295,-4.737049,5.161542,-1.565032,-4.835069,px4_default
80880000,4.802366,-1.244766,-4.743225,5.223052,-1.490898,-4.841008,px4_default
80900000,4.858958,-1.197960,-4.749358,5.262523,-1.441201,-4.844791,px4_default
80920000,4.912982,-1.150679,-4.755379,5.319426,-1.366285,-4.850133,px4_default
80940000,4.965730,-1.103160,-4.761345,5.355632,-1.316138,-4.853454,px4_default
80960000,5.015759,-1.055210,-4.767161,5.407686,-1.240551,-4.858113,px4_default
80980000,5.064554,-1.007064,-4.772910,5.440731,-1.189953,-4.860989,px4_default
81000000,5.110483,-0.958525,-4.778470,5.487964,-1.113758,-4.864957,px4_default
81020000,5.155228,-0.909823,-4.783951,5.517744,-1.062798,-4.867356,px4_default
81040000,5.196929,-0.860798,-4.789201,5.559817,-0.986123,-4.870550,px4_default
81060000,5.237495,-0.811653,-4.794363,5.586275,-0.934866,-4.872405,px4_default
81080000,5.274881,-0.762230,-4.799216,5.623136,-0.857794,-4.874643,px4_default
81100000,5.311199,-0.712715,-4.803966,5.646051,-0.806309,-4.875788,px4_default
81120000,5.344183,-0.662970,-4.808356,5.677934,-0.728957,-4.876978,px4_default
81140000,5.376164,-0.613156,-4.812638,5.697263,-0.677306,-4.877368,px4_default
81160000,5.404651,-0.563142,-4.816543,5.723779,-0.599752,-4.877499,px4_default
81180000,5.432201,-0.513073,-4.820347,5.739638,-0.548007,-4.877280,px4_default
81200000,5.456093,-0.462860,-4.823731,5.760670,-0.470346,-4.876509,px4_default
81220000,5.479121,-0.412612,-4.827016,5.772979,-0.418567,-4.875740,px4_default
81240000,5.498364,-0.362250,-4.829808,5.788442,-0.340858,-4.874102,px4_default
81260000,5.516826,-0.311863,-4.832499,5.797147,-0.289091,-4.872788,px4_default
81280000,5.531408,-0.261409,-4.834583,5.807166,-0.211442,-4.870343,px4_default
81300000,5.545299,-0.210943,-4.836559,5.812003,-0.159705,-4.868456,px4_default
81320000,5.555179,-0.160433,-4.837928,5.816492,-0.082162,-4.865227,px4_default
81340000,5.564454,-0.109917,-4.839206,5.817432,-0.030479,-4.862748,px4_default
81360000,5.569566,-0.059396,-4.839933,5.816247,0.046940,-4.858551,px4_default
81380000,5.574162,-0.008875,-4.840593,5.813579,0.098505,-4.855411,px4_default
81400000,5.574499,0.041649,-4.840696,5.806672,0.175807,-4.850253,px4_default
81420000,5.574414,0.092172,-4.840744,5.800261,0.227247,-4.846566,px4_default
81440000,5.569977,0.142681,-4.840221,5.787446,0.304437,-4.840631,px4_default
81460000,5.565210,0.193190,-4.839656,5.776978,0.355823,-4.836493,px4_default
81480000,5.556003,0.243668,-4.838502,5.758388,0.432768,-4.830040,px4_default
81500000,5.546559,0.294144,-4.837318,5.743813,0.484045,-4.825556,px4_default
81520000,5.532639,0.344585,-4.835449,5.719418,0.560640,-4.818620,px4_default
81540000,5.518577,0.395025,-4.833558,5.701019,0.611649,-4.813831,px4_default
81560000,5.499994,0.445360,-4.830963,5.670659,0.687894,-4.806460,px4_default
81580000,5.481321,0.495692,-4.828355,5.648435,0.738598,-4.801434,px4_default
81600000,5.458128,0.545870,-4.825166,5.612126,0.814456,-4.793746,px4_default
81620000,5.434800,0.596042,-4.821962,5.586093,0.864812,-4.788516,px4_default
81640000,5.407097,0.646008,-4.818260,5.543939,0.940234,-4.780500,px4_default
81660000,5.379172,0.695962,-4.814533,5.513958,0.990328,-4.775055,px4_default
81680000,5.347032,0.745675,-4.810352,5.466184,1.065158,-4.766750,px4_default
81700000,5.314585,0.795363,-4.806141,5.432224,1.114964,-4.761144,px4_default
81720000,5.278111,0.844727,-4.801530,5.378587,1.189278,-4.752649,px4_default
81740000,5.241252,0.894057,-4.796885,5.340900,1.238645,-4.746939,px4_default
81760000,5.200498,0.943047,-4.791894,5.281499,1.312404,-4.738307,px4_default
81780000,5.159284,0.991989,-4.786866,5.240148,1.361256,-4.732542,px4_default
81800000,5.114351,1.040532,-4.781532,5.175379,1.434173,-4.723895,px4_default
81820000,5.068889,1.089009,-4.776156,5.130499,1.482422,-4.718131,px4_default
81840000,5.019883,1.137040,-4.770502,5.060330,1.554548,-4.709456,px4_default
81860000,4.970280,1.184982,-4.764809,5.011844,1.602287,-4.703686,px4_default
81880000,4.917296,1.232420,-4.758899,4.936584,1.673341,-4.695071,px4_default
81900000,4.863653,1.279742,-4.752957,4.884617,1.720500,-4.689387,px4_default
81920000,4.806791,1.326497,-4.746865,4.804302,1.790563,-4.680958,px4_default
81940000,4.749214,1.373107,-4.740747,4.749127,1.836924,-4.675389,px4_default
81960000,4.688589,1.419092,-4.734522,4.663990,1.905916,-4.667135,px4_default
81980000,4.627198,1.464898,-4.728279,4.605733,1.951400,-4.661697,px4_default
82000000,4.562925,1.510027,-4.721967,4.515969,2.019177,-4.653645,px4_default
82020000,4.497841,1.554938,-4.715646,4.454647,2.063859,-4.648354,px4_default
82040000,4.430040,1.599123,-4.709294,4.360482,2.130089,-4.640547,px4_default
82060000,4.361387,1.643052,-4.702943,4.296290,2.173697,-4.635457,px4_default
82080000,4.290177,1.686208,-4.696593,4.197915,2.238249,-4.628016,px4_default
82100000,4.218079,1.729064,-4.690256,4.130918,2.280845,-4.623228,px4_default
82120000,4.143582,1.771107,-4.683950,4.028445,2.343720,-4.616231,px4_default
82140000,4.068167,1.812803,-4.677668,3.958795,2.385060,-4.611708,px4_default
82160000,3.990505,1.853648,-4.671443,3.852386,2.446154,-4.605153,px4_default
82180000,3.911902,1.894097,-4.665255,3.780213,2.486134,-4.600924,px4_default
82200000,3.831202,1.933661,-4.659148,3.670005,2.545295,-4.594898,px4_default
82220000,3.749541,1.972776,-4.653091,3.595354,2.583996,-4.591048,px4_default
82240000,3.665928,2.010977,-4.647136,3.481650,2.640899,-4.585511,px4_default
82260000,3.581341,2.048672,-4.641245,3.404679,2.678190,-4.582029,px4_default
82280000,3.494943,2.085428,-4.635473,3.287580,2.732807,-4.577036,px4_default
82320000,3.407564,2.121619,-4.629779,3.088116,2.820486,-4.569484,px4_default
82320000,3.318512,2.156849,-4.624218,3.088116,2.820486,-4.569484,px4_default
82340000,3.228477,2.191453,-4.618752,3.006900,2.854374,-4.566772,px4_default
82360000,3.136902,2.225077,-4.613430,2.883640,2.903935,-4.563028,px4_default
82380000,3.044249,2.258044,-4.608212,2.800535,2.935995,-4.560700,px4_default
82400000,2.950045,2.290064,-4.603141,2.674517,2.982929,-4.557600,px4_default
82420000,2.854964,2.321282,-4.598199,2.589634,3.013260,-4.555740,px4_default
82440000,2.758742,2.351459,-4.593427,2.461046,3.057281,-4.553241,px4_default
82460000,2.661556,2.380798,-4.588793,2.374494,3.085752,-4.551839,px4_default
82480000,2.563213,2.409135,-4.584326,2.243495,3.126825,-4.549982,px4_default
82500000,2.463929,2.436562,-4.580011,2.155409,3.153207,-4.548924,px4_default
82520000,2.363604,2.462983,-4.575866,2.022202,3.191225,-4.547606,px4_default
82540000,2.262366,2.488419,-4.571887,1.932709,3.215421,-4.546875,px4_default
82560000,2.160197,2.512849,-4.568079,1.797549,3.250248,-4.546214,px4_default
82580000,2.057150,2.536217,-4.564450,1.706815,3.272187,-4.545866,px4_default
82600000,1.953277,2.558584,-4.560990,1.569950,3.303626,-4.545687,px4_default
82620000,1.848568,2.579808,-4.557724,1.478204,3.323435,-4.545669,px4_default
82640000,1.743132,2.600038,-4.554624,1.339886,3.351409,-4.545754,px4_default
82660000,1.636909,2.619042,-4.551728,1.247279,3.369024,-4.545954,px4_default
82680000,1.530053,2.637064,-4.548996,1.107710,3.393571,-4.546391,px4_default
82700000,1.422465,2.653775,-4.546479,1.014285,3.408762,-4.546822,px4_default
82720000,1.314334,2.669518,-4.544120,0.873613,3.429727,-4.547698,px4_default
82740000,1.205529,2.683862,-4.541984,0.779479,3.442390,-4.548394,px4_default
82760000,1.096266,2.697254,-4.540000,0.637911,3.459634,-4.549738,px4_default
82780000,0.986405,2.709179,-4.538182,0.543278,3.469812,-4.550783,px4_default
82800000,0.876170,2.720185,-4.536469,0.401002,3.483090,-4.552563,px4_default
82820000,0.765429,2.729653,-4.534924,0.306060,3.490701,-4.553950,px4_default
82840000,0.654397,2.738236,-4.533475,0.163349,3.499962,-4.556145,px4_default
82860000,0.542972,2.745206,-4.532279,0.068241,3.504889,-4.557803,px4_default
82880000,0.431341,2.751325,-4.531214,-0.074496,3.510225,-4.560437,px4_default
82900000,0.319448,2.755775,-4.530426,-0.169594,3.512486,-4.562316,px4_default
82920000,0.207429,2.759422,-4.529771,-0.312066,3.513959,-4.565221,px4_default
82940000,0.095291,2.761347,-4.529404,-0.406971,3.513604,-4.567158,px4_default
82960000,-0.016900,2.762517,-4.529163,-0.548914,3.511261,-4.570142,px4_default
82980000,-0.129060,2.761914,-4.529220,-0.643356,3.508379,-4.572199,px4_default
83000000,-0.241208,2.760604,-4.529395,-0.784675,3.502052,-4.575443,px4_default
83020000,-0.353168,2.757468,-4.529872,-0.878509,3.496579,-4.577765,px4_default
83040000,-0.465058,2.753674,-4.530458,-1.018839,3.486310,-4.581400,px4_default
83060000,-0.576594,2.748007,-4.531330,-1.111995,3.478157,-4.583941,px4_default
83080000,-0.688015,2.741732,-4.532296,-1.251062,3.463994,-4.587902,px4_default
83100000,-0.798919,2.733562,-4.533470,-1.343380,3.453212,-4.590605,px4_default
83120000,-0.909672,2.724840,-4.534704,-1.481070,3.435152,-4.594808,px4_default
83140000,-1.019757,2.714198,-4.536162,-1.572393,3.421803,-4.597690,px4_default
83160000,-1.129668,2.703060,-4.537678,-1.708322,3.400043,-4.602237,px4_default
83180000,-1.238766,2.689980,-4.539503,-1.798339,3.384269,-4.605378,px4_default
83200000,-1.347680,2.676458,-4.541399,-1.932414,3.358734,-4.610251,px4_default
83220000,-1.455639,2.661001,-4.543612,-2.020999,3.340565,-4.613655,px4_default
83240000,-1.563410,2.645162,-4.545887,-2.152837,3.311450,-4.618877,px4_default
83260000,-1.670082,2.627398,-4.548485,-2.239944,3.290852,-4.622481,px4_default
83280000,-1.776568,2.609308,-4.551137,-2.369416,3.258230,-4.628088,px4_default
83300000,-1.881805,2.589306,-4.554115,-2.455004,3.235299,-4.631909,px4_default
83320000,-1.986865,2.569032,-4.557138,-2.581845,3.199381,-4.637863,px4_default
83340000,-2.090522,2.546866,-4.560488,-2.665553,3.174320,-4.641921,px4_default
83360000,-2.194014,2.524477,-4.563876,-2.789789,3.135088,-4.648141,px4_default
83380000,-2.295945,2.500218,-4.567587,-2.871660,3.107893,-4.652364,px4_default
83400000,-2.397732,2.475785,-4.571329,-2.993002,3.065576,-4.658833,px4_default
83420000,-2.497795,2.449506,-4.575390,-3.072750,3.036448,-4.663264,px4_default
83440000,-2.597738,2.423100,-4.579473,-3.190987,2.991221,-4.669975,px4_default
83460000,-2.695790,2.394878,-4.583869,-3.268702,2.960165,-4.674508,px4_default
83480000,-2.793754,2.366570,-4.588278,-3.383645,2.912197,-4.681439,px4_default
83500000,-2.889655,2.336481,-4.592990,-3.459274,2.879260,-4.686115,px4_default
83520000,-2.985504,2.306346,-4.597709,-3.570770,2.828629,-4.693307,px4_default
83540000,-3.079117,2.274466,-4.602717,-3.643992,2.793996,-4.698158,px4_default
83560000,-3.172682,2.242553,-4.607730,-3.752160,2.740746,-4.705515,px4_default
83580000,-3.263903,2.208987,-4.613008,-3.822977,2.704502,-4.710524,px4_default
83600000,-3.355036,2.175364,-4.618293,-3.927524,2.648904,-4.718064,px4_default
83620000,-3.443747,2.140197,-4.623815,-3.995965,2.611100,-4.723158,px4_default
83640000,-3.532313,2.104945,-4.629348,-4.096890,2.553237,-4.730812,px4_default
83660000,-3.618385,2.068254,-4.635087,-4.162884,2.513979,-4.735960,px4_default
83680000,-3.704249,2.031454,-4.640840,-4.259924,2.454113,-4.743713,px4_default
83700000,-3.787553,1.993316,-4.646768,-4.323409,2.413505,-4.748851,px4_default
83720000,-3.870583,1.955049,-4.652711,-4.416474,2.351753,-4.756568,px4_default
83740000,-3.950995,1.915545,-4.658797,-4.477213,2.309959,-4.761679,px4_default
83760000,-4.031060,1.875892,-4.664897,-4.566338,2.246365,-4.769320,px4_default
83780000,-4.108455,1.835101,-4.671109,-4.624248,2.203464,-4.774402,px4_default
83800000,-4.185425,1.794148,-4.677332,-4.709151,2.138242,-4.781901,px4_default
83820000,-4.259680,1.752151,-4.683633,-4.764322,2.094260,-4.786829,px4_default
83840000,-4.333428,1.709980,-4.689943,-4.844896,2.027581,-4.794102,px4_default
83860000,-4.404421,1.666859,-4.696297,-4.897248,1.982624,-4.798857,px4_default
83880000,-4.474822,1.623555,-4.702653,-4.973363,1.914684,-4.805814,px4_default
83920000,-4.542433,1.579392,-4.709020,-5.094543,1.799732,-4.816898,px4_default
83920000,-4.609362,1.535041,-4.715381,-5.094543,1.799732,-4.816898,px4_default
83940000,-4.673474,1.489918,-4.721720,-5.140881,1.753250,-4.821130,px4_default
83960000,-4.736808,1.444607,-4.728042,-5.208139,1.682992,-4.827247,px4_default
83980000,-4.797302,1.398609,-4.734308,-5.251282,1.635888,-4.831160,px4_default
84000000,-4.856920,1.352425,-4.740546,-5.313770,1.564730,-4.836812,px4_default
84020000,-4.913684,1.305634,-4.746693,-5.353824,1.517032,-4.840404,px4_default
84040000,-4.969501,1.258633,-4.752801,-5.411449,1.445133,-4.845469,px4_default
84060000,-5.022553,1.211016,-4.758795,-5.448339,1.396935,-4.848626,px4_default
84080000,-5.074461,1.163258,-4.764724,-5.501007,1.324376,-4.853007,px4_default
84100000,-5.123423,1.115140,-4.770486,-5.534482,1.275784,-4.855718,px4_default
84120000,-5.171165,1.066861,-4.776167,-5.582219,1.202600,-4.859433,px4_default
84140000,-5.216060,1.018208,-4.781661,-5.612211,1.153673,-4.861624,px4_default
84160000,-5.259624,0.969411,-4.787045,-5.654958,1.079969,-4.864600,px4_default
84180000,-5.300356,0.920309,-4.792195,-5.681604,1.030730,-4.866297,px4_default
84200000,-5.339644,0.871083,-4.797204,-5.719136,0.956653,-4.868440,px4_default
84220000,-5.376129,0.821613,-4.801935,-5.753610,0.882379,-4.869981,px4_default
84240000,-5.411048,0.772034,-4.806505,-5.774719,0.832771,-4.870616,px4_default
84260000,-5.443187,0.722259,-4.810789,-5.794619,0.783078,-4.871001,px4_default
84280000,-5.473639,0.672390,-4.814893,-5.821592,0.708484,-4.871049,px4_default
84300000,-5.501341,0.622365,-4.818705,-5.837800,0.658681,-4.870806,px4_default
84320000,-5.527238,0.572261,-4.822310,-5.859413,0.583892,-4.870067,px4_default
84340000,-5.550429,0.522038,-4.825605,-5.871836,0.533987,-4.869257,px4_default
84360000,-5.571702,0.471755,-4.828653,-5.887843,0.459065,-4.867677,px4_default
84380000,-5.590329,0.421388,-4.831358,-5.896633,0.409077,-4.866357,px4_default
84400000,-5.606944,0.370985,-4.833751,-5.906977,0.334048,-4.864023,px4_default
84420000,-5.620998,0.320534,-4.835748,-5.912098,0.284028,-4.862221,px4_default
84440000,-5.632928,0.270067,-4.837423,-5.916955,0.208972,-4.859131,px4_default
84460000,-5.642364,0.219579,-4.838720,-5.918437,0.158954,-4.856814,px4_default
84480000,-5.649556,0.169082,-4.839719,-5.917691,0.083856,-4.852908,px4_default
84500000,-5.654315,0.118577,-4.840395,-5.915404,0.033799,-4.849983,px4_default
84520000,-5.656734,0.068072,-4.840765,-5.909250,-0.041254,-4.845162,px4_default
84540000,-5.656813,0.017566,-4.840828,-5.903172,-0.091340,-4.841638,px4_default
84560000,-5.654457,-0.032931,-4.840573,-5.891336,-0.166407,-4.836052,px4_default
84580000,-5.649853,-0.083421,-4.840023,-5.881519,-0.216461,-4.832097,px4_default
84600000,-5.642725,-0.133893,-4.839138,-5.863919,-0.291539,-4.825827,px4_default
84620000,-5.633444,-0.184350,-4.837968,-5.850366,-0.341510,-4.821467,px4_default
84640000,-5.621579,-0.234780,-4.836403,-5.827022,-0.416545,-4.814620,px4_default
84660000,-5.607683,-0.285189,-4.834528,-5.809567,-0.466501,-4.809910,px4_default
84680000,-5.591136,-0.335545,-4.832241,-5.780551,-0.541310,-4.802643,px4_default
84700000,-5.572669,-0.385864,-4.829654,-5.759337,-0.591095,-4.797668,px4_default
84720000,-5.551461,-0.436093,-4.826714,-5.724718,-0.665615,-4.790036,px4_default
84740000,-5.528426,-0.486262,-4.823538,-5.699644,-0.715284,-4.784814,px4_default
84760000,-5.502595,-0.536304,-4.820039,-5.659347,-0.789546,-4.776803,px4_default
84780000,-5.475050,-0.586269,-4.816341,-5.630610,-0.838963,-4.771338,px4_default
84800000,-5.444667,-0.636068,-4.812335,-5.584675,-0.912983,-4.763025,px4_default
84820000,-5.412689,-0.685775,-4.808157,-5.552256,-0.962133,-4.757436,px4_default
84840000,-5.377835,-0.735272,-4.803696,-5.500627,-1.035889,-4.749020,px4_default
84860000,-5.341500,-0.784661,-4.799088,-5.464362,-1.084885,-4.743401,px4_default
84880000,-5.302257,-0.833795,-4.794223,-5.407219,-1.158083,-4.734955,px4_default
84900000,-5.261646,-0.882807,-4.789237,-5.367141,-1.206852,-4.729328,px4_default
84920000,-5.218115,-0.931515,-4.783991,-5.304402,-1.279582,-4.720895,px4_default
84940000,-5.173335,-0.980092,-4.778634,-5.260745,-1.327887,-4.715294,px4_default
84960000,-5.125620,-1.028302,-4.773046,-5.192717,-1.399871,-4.706937,px4_default
84980000,-5.076766,-1.076370,-4.767368,-5.145609,-1.447655,-4.701394,px4_default
85000000,-5.024962,-1.123994,-4.761520,-5.072361,-1.519007,-4.693128,px4_default
85020000,-4.972121,-1.171463,-4.755612,-5.021886,-1.566194,-4.687655,px4_default
85040000,-4.916336,-1.218410,-4.749566,-4.943504,-1.636805,-4.679546,px4_default
85060000,-4.859621,-1.265193,-4.743476,-4.889605,-1.683519,-4.674210,px4_default
85080000,-4.799971,-1.311372,-4.737283,-4.806322,-1.753006,-4.666333,px4_default
85100000,-4.739494,-1.357381,-4.731060,-4.749065,-1.799128,-4.661199,px4_default
85120000,-4.676100,-1.402702,-4.724768,-4.660858,-1.867553,-4.653601,px4_default
85140000,-4.611977,-1.447852,-4.718459,-4.600443,-1.912779,-4.648624,px4_default
85160000,-4.544959,-1.492227,-4.712116,-4.507461,-1.979972,-4.641275,px4_default
85180000,-4.477305,-1.536431,-4.705766,-4.443999,-2.024182,-4.636451,px4_default
85200000,-4.406786,-1.579771,-4.699417,-4.346444,-2.089958,-4.629411,px4_default
85220000,-4.335721,-1.622946,-4.693068,-4.280055,-2.133043,-4.624812,px4_default
85240000,-4.261826,-1.665164,-4.686754,-4.178316,-2.197038,-4.618117,px4_default
85260000,-4.187470,-1.707226,-4.680447,-4.109131,-2.239071,-4.613760,px4_default
85280000,-4.110327,-1.748235,-4.674210,-4.003353,-2.301133,-4.607402,px4_default
85300000,-4.032803,-1.789100,-4.667982,-3.931492,-2.341999,-4.603350,px4_default
85320000,-3.952539,-1.828814,-4.661858,-3.821838,-2.402147,-4.597491,px4_default
85340000,-3.871970,-1.868400,-4.655745,-3.747507,-2.441573,-4.593740,px4_default
85360000,-3.788717,-1.906734,-4.649770,-3.634190,-2.499678,-4.588353,px4_default
85380000,-3.705229,-1.944960,-4.643806,-3.557480,-2.537581,-4.584892,px4_default
85400000,-3.619118,-1.981830,-4.638013,-3.440641,-2.593497,-4.579986,px4_default
85420000,-3.532839,-2.018614,-4.632230,-3.361643,-2.629943,-4.576874,px4_default
85440000,-3.444005,-2.053938,-4.626649,-3.241528,-2.683327,-4.572423,px4_default
85460000,-3.355063,-2.089201,-4.621077,-3.160414,-2.718197,-4.569700,px4_default
85480000,-3.263642,-2.122896,-4.615736,-3.037237,-2.768898,-4.565816,px4_default
85500000,-3.172169,-2.156559,-4.610401,-2.954197,-2.801933,-4.563485,px4_default
85520000,-3.078298,-2.188544,-4.605328,-2.828230,-2.850000,-4.560234,px4_default
85540000,-2.984381,-2.220494,-4.600260,-2.743355,-2.881153,-4.558263,px4_default
85560000,-2.888245,-2.250724,-4.595471,-2.614725,-2.926507,-4.555603,px4_default
85580000,-2.792023,-2.280881,-4.590694,-2.528121,-2.955693,-4.553979,px4_default
85600000,-2.693758,-2.309281,-4.586209,-2.397052,-2.998125,-4.551877,px4_default
85620000,-2.595374,-2.337566,-4.581744,-2.308894,-3.025332,-4.550671,px4_default
85640000,-2.495117,-2.364060,-4.577582,-2.175542,-3.064493,-4.549148,px4_default
85660000,-2.394712,-2.390396,-4.573446,-2.085985,-3.089625,-4.548343,px4_default
85680000,-2.292603,-2.414912,-4.569622,-1.950662,-3.125561,-4.547343,px4_default
85700000,-2.190297,-2.439227,-4.565831,-1.859854,-3.148414,-4.546844,px4_default
85720000,-2.086214,-2.461748,-4.562348,-1.722818,-3.180989,-4.546339,px4_default
85740000,-1.981967,-2.483996,-4.558911,-1.630908,-3.201492,-4.546094,px4_default
85760000,-1.876577,-2.504336,-4.555797,-1.492369,-3.230551,-4.545863,px4_default
85780000,-1.770980,-2.524359,-4.552737,-1.399530,-3.248685,-4.545797,px4_default
85800000,-1.664164,-2.542506,-4.549993,-1.259724,-3.274245,-4.545996,px4_default
85820000,-1.557137,-2.560280,-4.547311,-1.166133,-3.290041,-4.546291,px4_default
85840000,-1.449040,-2.576164,-4.544942,-1.025216,-3.311854,-4.546963,px4_default
85860000,-1.340733,-2.591617,-4.542643,-0.931022,-3.325237,-4.547598,px4_default
85880000,-1.231501,-2.605170,-4.540653,-0.789250,-3.343313,-4.548719,px4_default
85900000,-1.122069,-2.618237,-4.538718,-0.694507,-3.354093,-4.549629,px4_default
85920000,-1.011864,-2.629425,-4.537001,-0.552147,-3.368346,-4.551206,px4_default
85940000,-0.901479,-2.640071,-4.535347,-0.457042,-3.376500,-4.552365,px4_default
85960000,-0.790479,-2.648853,-4.533911,-0.314352,-3.386919,-4.554376,px4_default
85980000,-0.679333,-2.657036,-4.532574,-0.219149,-3.392543,-4.555837,px4_default
86000000,-0.567737,-2.663369,-4.531541,-0.076291,-3.398987,-4.558201,px4_default
86020000,-0.456040,-2.669050,-4.530617,0.018913,-3.401978,-4.559883,px4_default
86040000,-0.344062,-2.672924,-4.529997,0.161608,-3.404514,-4.562529,px4_default
86060000,-0.232036,-2.676093,-4.529496,0.256472,-3.404998,-4.564378,px4_default
86080000,-0.119890,-2.677497,-4.529293,0.398589,-3.403724,-4.567166,px4_default
86100000,-0.007758,-2.678145,-4.529216,0.493071,-3.401589,-4.569118,px4_default
86120000,0.104342,-2.677069,-4.529429,0.634325,-3.396467,-4.572245,px4_default
86140000,0.216357,-2.675184,-4.529775,0.728258,-3.391698,-4.574431,px4_default
86160000,0.328198,-2.671619,-4.530396,0.868441,-3.382694,-4.577940,px4_default
86180000,0.439876,-2.667195,-4.531146,0.961533,-3.375358,-4.580397,px4_default
86200000,0.551246,-2.661139,-4.532139,1.100570,-3.362365,-4.584251,px4_default
86220000,0.662372,-2.654185,-4.533225,1.192623,-3.352453,-4.586979,px4_default
86240000,0.773076,-2.645670,-4.534474,1.330052,-3.335585,-4.591209,px4_default
86260000,0.883457,-2.636218,-4.535829,1.421086,-3.323072,-4.594148,px4_default
86280000,0.993323,-2.625271,-4.537353,1.556885,-3.302355,-4.598649,px4_default
86300000,1.102786,-2.613352,-4.539029,1.646764,-3.287313,-4.601753,px4_default
86320000,1.211659,-2.600005,-4.540929,1.780542,-3.262923,-4.606555,px4_default
86340000,1.320048,-2.585667,-4.542989,1.869135,-3.245406,-4.609813,px4_default
86360000,1.427785,-2.569988,-4.545267,2.000716,-3.217432,-4.614872,px4_default
86380000,1.534954,-2.553302,-4.547711,2.087718,-3.197583,-4.618345,px4_default
86400000,1.641414,-2.535359,-4.550364,2.217102,-3.166033,-4.623693,px4_default
86420000,1.747215,-2.516395,-4.553188,2.302385,-3.143858,-4.627415,px4_default
86440000,1.852258,-2.496256,-4.556211,2.429206,-3.108837,-4.633113,px4_default
86460000,1.956546,-2.475087,-4.559411,2.512862,-3.084382,-4.636994,px4_default
86480000,2.060033,-2.452822,-4.562797,2.636977,-3.046075,-4.642929,px4_default
86500000,2.162665,-2.429521,-4.566362,2.718913,-3.019427,-4.646958,px4_default
86520000,2.264458,-2.405202,-4.570103,2.840185,-2.977952,-4.653170,px4_default
86540000,2.365290,-2.379843,-4.574023,2.920305,-2.949197,-4.657352,px4_default
86560000,2.465252,-2.353541,-4.578106,3.038738,-2.904682,-4.663748,px4_default
86580000,2.564143,-2.326200,-4.582368,3.116714,-2.874019,-4.668069,px4_default
86600000,2.662139,-2.297989,-4.586780,3.232178,-2.826584,-4.674627,px4_default
86620000,2.758948,-2.268742,-4.591368,3.307954,-2.794074,-4.679118,px4_default
86640000,2.854843,-2.238697,-4.596091,3.420163,-2.743900,-4.685933,px4_default
86660000,2.949432,-2.207623,-4.600986,3.493851,-2.709581,-4.690559,px4_default
86680000,3.043094,-2.175818,-4.606002,3.602658,-2.656802,-4.697634,px4_default
86700000,3.135324,-2.142994,-4.611183,3.674154,-2.620736,-4.702396,px4_default
86720000,3.226621,-2.109506,-4.616470,3.779408,-2.565517,-4.709656,px4_default
86740000,3.316357,-2.075014,-4.621913,3.848413,-2.527911,-4.714532,px4_default
86760000,3.405158,-2.039919,-4.627449,3.950144,-2.470351,-4.721928,px4_default
86780000,3.492265,-2.003839,-4.633128,4.016562,-2.431290,-4.726930,px4_default
86800000,3.578441,-1.967216,-4.638886,4.114662,-2.371523,-4.734418,px4_default
86820000,3.662786,-1.929629,-4.644773,4.178599,-2.331089,-4.739430,px4_default
86840000,3.746210,-1.891556,-4.650724,4.272719,-2.269403,-4.746904,px4_default
86860000,3.827661,-1.852546,-4.656788,4.334126,-2.227658,-4.751870,px4_default
86880000,3.908206,-1.813104,-4.662902,4.424195,-2.164138,-4.759265,px4_default
86900000,3.986633,-1.772753,-4.669109,4.482996,-2.121174,-4.764155,px4_default
86920000,4.064173,-1.732022,-4.675354,4.568895,-2.055951,-4.771457,px4_default
86940000,4.139447,-1.690416,-4.681669,4.624805,-2.011919,-4.776299,px4_default
86960000,4.213861,-1.648477,-4.688009,4.706609,-1.945087,-4.783514,px4_default
86980000,4.285853,-1.605700,-4.694393,4.759516,-1.900093,-4.788265,px4_default
87000000,4.357017,-1.562635,-4.700791,4.836852,-1.831851,-4.795310,px4_default
87020000,4.425603,-1.518772,-4.707203,4.886900,-1.785904,-4.799944,px4_default
87040000,4.493397,-1.474665,-4.713620,4.959686,-1.716365,-4.806766,px4_default
87060000,4.558451,-1.429803,-4.720018,5.006816,-1.669589,-4.811182,px4_default
87080000,4.622756,-1.384735,-4.726411,5.075189,-1.598915,-4.817609,px4_default
87100000,4.684156,-1.338962,-4.732749,5.119349,-1.551442,-4.821773,px4_default
87120000,4.744854,-1.293018,-4.739074,5.183028,-1.479828,-4.827827,px4_default
87140000,4.802480,-1.246421,-4.745304,5.223971,-1.431797,-4.831686,px4_default
87160000,4.859454,-1.199685,-4.751514,5.283100,-1.359354,-4.837196,px4_default
87180000,4.913185,-1.152351,-4.757586,5.320762,-1.310854,-4.840672,px4_default
87200000,4.966321,-1.104909,-4.763633,5.375001,-1.237737,-4.845624,px4_default
87220000,5.016040,-1.056929,-4.769495,5.409507,-1.188798,-4.848734,px4_default
87240000,5.065226,-1.008865,-4.775328,5.458747,-1.115124,-4.853079,px4_default
87260000,5.110816,-0.960327,-4.780926,5.490026,-1.065825,-4.855767,px4_default
87280000,5.155938,-0.911728,-4.786494,5.534153,-0.991689,-4.859429,px4_default
87300000,5.197308,-0.862725,-4.791733,5.561901,-0.942104,-4.861638,px4_default
87320000,5.238283,-0.813678,-4.796939,5.601008,-0.867519,-4.864574,px4_default
87340000,5.275421,-0.764169,-4.801773,5.625385,-0.817685,-4.866262,px4_default
87360000,5.312247,-0.714623,-4.806577,5.659413,-0.742799,-4.868333,px4_default
87380000,5.344855,-0.664893,-4.810973,5.680171,-0.692790,-4.869372,px4_default
87400000,5.377241,-0.615154,-4.815348,5.708881,-0.617676,-4.870470,px4_default
87420000,5.405336,-0.565161,-4.819267,5.726228,-0.567547,-4.870884,px4_default
87440000,5.433299,-0.515161,-4.823172,5.749517,-0.492309,-4.871059,px4_default
87460000,5.456808,-0.464956,-4.826568,5.763349,-0.442133,-4.870938,px4_default
87480000,5.480227,-0.414748,-4.829952,5.781048,-0.366865,-4.870365,px4_default
87520000,5.499135,-0.364390,-4.832763,5.803277,-0.241456,-4.868444,px4_default
87520000,5.517906,-0.314029,-4.835553,5.803277,-0.241456,-4.868444,px4_default
87540000,5.532244,-0.263581,-4.837673,5.809378,-0.191312,-4.867325,px4_default
87560000,5.546351,-0.213131,-4.839758,5.815911,-0.116137,-4.865279,px4_default
87580000,5.556077,-0.162642,-4.841182,5.818377,-0.066032,-4.863665,px4_default
87600000,5.565477,-0.112151,-4.842561,5.819484,0.009051,-4.860802,px4_default
87620000,5.570536,-0.061642,-4.843359,5.818363,0.059075,-4.858575,px4_default
87640000,5.575174,-0.011133,-4.844103,5.813883,0.134062,-4.854734,px4_default
87660000,5.575555,0.039379,-4.844290,5.809152,0.183974,-4.851877,px4_default
87680000,5.575421,0.089889,-4.844411,5.799006,0.258864,-4.847177,px4_default
87700000,5.571125,0.140387,-4.843988,5.790379,0.308726,-4.843834,px4_default
87720000,5.566220,0.190881,-4.843485,5.774636,0.383402,-4.838539,px4_default
87740000,5.557249,0.241349,-4.842445,5.762012,0.433205,-4.834791,px4_default
87760000,5.547585,0.291810,-4.841301,5.740353,0.507738,-4.828875,px4_default
87780000,5.533997,0.342232,-4.839567,5.723955,0.557365,-4.824706,px4_default
87800000,5.519630,0.392640,-4.837712,5.696394,0.631724,-4.818160,px4_default
87820000,5.501469,0.442976,-4.835268,5.676191,0.681152,-4.813643,px4_default
87840000,5.482439,0.493286,-4.832710,5.642725,0.755327,-4.806624,px4_default
87860000,5.459708,0.543479,-4.829670,5.606047,0.829175,-4.799358,px4_default
87880000,5.436029,0.593633,-4.826518,5.579671,0.878305,-4.794362,px4_default
87900000,5.408784,0.643634,-4.822946,5.551760,0.927339,-4.789244,px4_default
87920000,5.380517,0.693578,-4.819262,5.507085,1.000639,-4.781387,px4_default
87940000,5.348831,0.743332,-4.815201,5.475225,1.049467,-4.776036,px4_default
87960000,5.316053,0.793010,-4.811031,5.424757,1.122359,-4.767886,px4_default
87980000,5.279999,0.842459,-4.806536,5.389206,1.170797,-4.762382,px4_default
88000000,5.242788,0.891808,-4.801935,5.333017,1.243232,-4.754045,px4_default
88020000,5.202450,0.940891,-4.797048,5.293794,1.291246,-4.748441,px4_default
88040000,5.160900,0.989850,-4.792051,5.231896,1.363151,-4.739964,px4_default
88060000,5.116380,1.038505,-4.786788,5.188823,1.410844,-4.734292,px4_default
88080000,5.070593,1.087004,-4.781426,5.121533,1.481985,-4.725726,px4_default
88100000,5.021985,1.135154,-4.775843,5.074749,1.529316,-4.719996,px4_default
88120000,4.972056,1.183108,-4.770181,5.002234,1.599573,-4.711420,px4_default
88140000,4.919447,1.230664,-4.764359,4.952075,1.646288,-4.705712,px4_default
88160000,4.865477,1.277981,-4.758471,4.874417,1.715744,-4.697178,px4_default
88180000,4.808977,1.324854,-4.752460,4.820959,1.761737,-4.691508,px4_default
88200000,4.751078,1.371441,-4.746395,4.738304,1.830247,-4.683047,px4_default
88220000,4.690798,1.417544,-4.740240,4.681648,1.875445,-4.677464,px4_default
88240000,4.629087,1.463312,-4.734048,4.594151,1.942869,-4.669198,px4_default
88260000,4.565139,1.508557,-4.727797,4.503829,2.009520,-4.661090,px4_default
88280000,4.499734,1.553416,-4.721525,4.442131,2.053406,-4.655768,px4_default
88300000,4.432232,1.597718,-4.715223,4.379112,2.097145,-4.650535,px4_default
88320000,4.363254,1.641577,-4.708916,4.282481,2.161873,-4.642844,px4_default
88340000,4.292315,1.684851,-4.702603,4.216626,2.204551,-4.637831,px4_default
88360000,4.219885,1.727624,-4.696304,4.115709,2.267833,-4.630480,px4_default
88380000,4.145629,1.769785,-4.690021,4.047093,2.309366,-4.625674,px4_default
88400000,4.069871,1.811383,-4.683769,3.942184,2.370847,-4.618657,px4_default
88420000,3.992418,1.852347,-4.677554,3.870975,2.411124,-4.614117,px4_default
88440000,3.913459,1.892685,-4.671389,3.762178,2.470871,-4.607600,px4_default
88460000,3.832931,1.932370,-4.665276,3.688421,2.510023,-4.603419,px4_default
88480000,3.750899,1.971360,-4.659233,3.575991,2.567693,-4.597378,px4_default
88500000,3.667420,2.009683,-4.653257,3.499852,2.605615,-4.593545,px4_default
88520000,3.582445,2.047241,-4.647370,3.383967,2.661245,-4.588040,px4_default
88540000,3.496142,2.084122,-4.641562,3.305603,2.697604,-4.584548,px4_default
88560000,3.408356,2.120164,-4.635864,3.186447,2.751028,-4.579583,px4_default
88580000,3.319357,2.155522,-4.630254,3.105971,2.785741,-4.576440,px4_default
88600000,3.228894,2.189966,-4.624772,2.983752,2.836845,-4.572059,px4_default
88620000,3.137328,2.223721,-4.619387,2.901314,2.870041,-4.569310,px4_default
88640000,3.044325,2.256485,-4.614149,2.776264,2.918492,-4.565432,px4_default
88660000,2.950324,2.288559,-4.609014,2.692027,2.949878,-4.563021,px4_default
88680000,2.854919,2.319561,-4.604045,2.564407,2.995545,-4.559695,px4_default
88720000,2.758617,2.349878,-4.599183,2.348634,3.068135,-4.554959,px4_default
88720000,2.660949,2.379039,-4.594505,2.348634,3.068135,-4.554959,px4_default
88740000,2.562481,2.407522,-4.589937,2.261269,3.095777,-4.553302,px4_default
88760000,2.462694,2.434764,-4.585570,2.129184,3.135744,-4.551092,px4_default
88780000,2.362197,2.461338,-4.581313,2.040416,3.161258,-4.549790,px4_default
88800000,2.260433,2.486583,-4.577275,1.906338,3.198107,-4.548176,px4_default
88820000,2.158047,2.511174,-4.573345,1.816306,3.221545,-4.547292,px4_default
88840000,2.054453,2.534347,-4.569650,1.680337,3.254982,-4.546237,px4_default
88860000,1.950318,2.556882,-4.566061,1.589164,3.276271,-4.545739,px4_default
88880000,1.845042,2.577907,-4.562721,1.451568,3.306386,-4.545113,px4_default
88900000,1.739300,2.598315,-4.559484,1.359331,3.325325,-4.544797,px4_default
88920000,1.632492,2.617118,-4.556510,1.220251,3.351863,-4.544488,px4_default
88940000,1.525288,2.635328,-4.553635,1.127118,3.368378,-4.544439,px4_default
88960000,1.417097,2.651837,-4.551036,0.986883,3.391342,-4.544600,px4_default
88980000,1.308578,2.667780,-4.548529,0.893000,3.405342,-4.544841,px4_default
89000000,1.198943,2.681949,-4.546304,0.751847,3.424623,-4.545451,px4_default
89020000,1.088976,2.695589,-4.544165,0.657460,3.436179,-4.546006,px4_default
89040000,0.978428,2.707314,-4.542251,0.515508,3.451551,-4.547044,px4_default
89060000,0.867729,2.718545,-4.540395,0.420785,3.460562,-4.547925,px4_default
89080000,0.756355,2.727807,-4.538765,0.278380,3.472011,-4.549435,px4_default
89100000,0.644826,2.736621,-4.537187,0.183332,3.478315,-4.550588,px4_default
89120000,0.532771,2.743378,-4.535931,0.040626,3.485778,-4.552536,px4_default
89140000,0.420611,2.749729,-4.534738,-0.054618,3.489364,-4.553950,px4_default
89160000,0.308095,2.753957,-4.533891,-0.197374,3.492850,-4.556294,px4_default
89180000,0.195518,2.757824,-4.533103,-0.292618,3.493745,-4.557883,px4_default
89200000,0.082765,2.759507,-4.532671,-0.435142,3.493248,-4.560340,px4_default
89220000,-0.030013,2.760877,-4.532291,-0.530007,3.491594,-4.562027,px4_default
89240000,-0.142779,2.759998,-4.532274,-0.672021,3.487091,-4.564722,px4_default
89260000,-0.255544,2.758855,-4.532299,-0.766306,3.482812,-4.566666,px4_default
89280000,-0.368098,2.755399,-4.532688,-0.907390,3.474307,-4.569772,px4_default
89300000,-0.480633,2.751728,-4.533112,-1.001080,3.467296,-4.571983,px4_default
89320000,-0.592753,2.745680,-4.533893,-1.141001,3.454750,-4.575507,px4_default
89340000,-0.704844,2.739467,-4.534700,-1.233942,3.445005,-4.577943,px4_default
89360000,-0.816318,2.730852,-4.535737,-1.372455,3.428417,-4.581804,px4_default
89380000,-0.927764,2.722124,-4.536785,-1.464312,3.415993,-4.584493,px4_default
89400000,-1.038405,2.710969,-4.538058,-1.601319,3.395326,-4.588747,px4_default
89420000,-1.149025,2.699752,-4.539338,-1.691926,3.380195,-4.591753,px4_default
89440000,-1.258662,2.686078,-4.540971,-1.827215,3.355479,-4.596322,px4_default
89460000,-1.368277,2.672357,-4.542613,-1.916583,3.337697,-4.599511,px4_default
89480000,-1.476773,2.656268,-4.544604,-2.049719,3.309066,-4.604411,px4_default
89500000,-1.585224,2.640097,-4.546608,-2.137704,3.288695,-4.607783,px4_default
89520000,-1.692437,2.621670,-4.548954,-2.268462,3.256269,-4.612950,px4_default
89540000,-1.799572,2.603119,-4.551318,-2.354934,3.233414,-4.616442,px4_default
89560000,-1.905357,2.582421,-4.554010,-2.483102,3.197354,-4.621838,px4_default
89580000,-2.011025,2.561559,-4.556729,-2.567724,3.172124,-4.625501,px4_default
89600000,-2.115238,2.538659,-4.559761,-2.693377,3.132526,-4.631095,px4_default
89620000,-2.219287,2.515556,-4.562825,-2.776016,3.105017,-4.634912,px4_default
89640000,-2.321784,2.490523,-4.566187,-2.898708,3.062067,-4.640715,px4_default
89660000,-2.424067,2.465252,-4.569585,-2.979494,3.032346,-4.644653,px4_default
89680000,-2.524705,2.438156,-4.573264,-3.099052,2.986210,-4.650646,px4_default
89700000,-2.625073,2.410790,-4.576982,-3.177820,2.954409,-4.654675,px4_default
89720000,-2.723712,2.381702,-4.580961,-3.294275,2.905244,-4.660794,px4_default
89740000,-2.822019,2.352316,-4.584983,-3.370923,2.871480,-4.664898,px4_default
89760000,-2.918519,2.321309,-4.589243,-3.483909,2.819556,-4.671123,px4_default
89780000,-3.014620,2.289979,-4.593550,-3.558155,2.784050,-4.675293,px4_default
89800000,-3.108841,2.257125,-4.598072,-3.667870,2.729489,-4.681568,px4_default
89820000,-3.202592,2.223927,-4.602640,-3.739707,2.692345,-4.685793,px4_default
89840000,-3.294398,2.189302,-4.607399,-3.845842,2.635335,-4.692137,px4_default
89860000,-3.385656,2.154313,-4.612205,-3.915366,2.596525,-4.696385,px4_default
89880000,-3.474911,2.117992,-4.617176,-4.017779,2.537137,-4.702792,px4_default
89920000,-3.563535,2.081291,-4.622191,-4.183458,2.435178,-4.713527,px4_default
89920000,-3.650104,2.043351,-4.627346,-4.183458,2.435178,-4.713527,px4_default
89940000,-3.735955,2.005018,-4.632540,-4.247898,2.393419,-4.717831,px4_default
89960000,-3.819705,1.965536,-4.637848,-4.342647,2.329755,-4.724258,px4_default
89980000,-3.902643,1.925651,-4.643189,-4.404510,2.286659,-4.728527,px4_default
90000000,-3.983442,1.884705,-4.648617,-4.495319,2.221075,-4.734893,px4_default
90020000,-4.063331,1.843350,-4.654069,-4.554286,2.176768,-4.739131,px4_default
90040000,-4.141048,1.801019,-4.659581,-4.640774,2.109382,-4.745393,px4_default
90060000,-4.217753,1.758276,-4.665107,-4.696957,2.063899,-4.749503,px4_default
90080000,-4.292260,1.714639,-4.670664,-4.778944,1.994879,-4.755568,px4_default
90100000,-4.365648,1.670592,-4.676223,-4.832229,1.948323,-4.759528,px4_default
90120000,-4.436815,1.625730,-4.681786,-4.909576,1.877806,-4.765331,px4_default
90140000,-4.506753,1.580462,-4.687335,-4.959654,1.830319,-4.769105,px4_default
90160000,-4.574456,1.534456,-4.692861,-5.032519,1.758416,-4.774618,px4_default
90180000,-4.640813,1.488052,-4.698355,-5.079360,1.710115,-4.778213,px4_default
90200000,-4.704926,1.440984,-4.703797,-5.147427,1.637050,-4.783385,px4_default
90220000,-4.767573,1.393529,-4.709187,-5.191166,1.587994,-4.786695,px4_default
90240000,-4.827974,1.345481,-4.714498,-5.254552,1.513884,-4.791359,px4_default
90260000,-4.886785,1.297061,-4.719733,-5.295162,1.464199,-4.794266,px4_default
90280000,-4.943352,1.248116,-4.724862,-5.353599,1.389272,-4.798290,px4_default
90300000,-4.998199,1.198817,-4.729890,-5.391038,1.339032,-4.800749,px4_default
90320000,-5.050812,1.149059,-4.734785,-5.444441,1.263376,-4.804109,px4_default
90340000,-5.101573,1.098970,-4.739549,-5.478403,1.212689,-4.806116,px4_default
90360000,-5.150114,1.048483,-4.744157,-5.526864,1.136320,-4.808776,px4_default
90380000,-5.196666,0.997691,-4.748600,-5.557242,1.085187,-4.810290,px4_default
90400000,-5.241020,0.946560,-4.752861,-5.600408,1.008156,-4.812145,px4_default
90420000,-5.283259,0.895154,-4.756900,-5.627419,0.956604,-4.813071,px4_default
90440000,-5.323339,0.843465,-4.760712,-5.665308,0.879048,-4.813972,px4_default
90460000,-5.361167,0.791524,-4.764266,-5.688968,0.827196,-4.814224,px4_default
90480000,-5.396874,0.739346,-4.767580,-5.721579,0.749208,-4.814019,px4_default
90500000,-5.430183,0.686934,-4.770624,-5.741855,0.697091,-4.813526,px4_default
90520000,-5.461409,0.634320,-4.773434,-5.769399,0.618783,-4.812198,px4_default
90540000,-5.490102,0.581492,-4.775936,-5.786030,0.566493,-4.811003,px4_default
90560000,-5.516766,0.528494,-4.778193,-5.808327,0.487952,-4.808804,px4_default
90580000,-5.540773,0.475308,-4.780087,-5.821198,0.435523,-4.807035,px4_default
90600000,-5.562817,0.421981,-4.781713,-5.837901,0.356789,-4.803985,px4_default
90620000,-5.582124,0.368417,-4.782901,-5.847158,0.304248,-4.801664,px4_default
90640000,-5.599567,0.314691,-4.783792,-5.858176,0.225349,-4.797755,px4_default
90660000,-5.614091,0.260923,-4.784192,-5.863778,0.172720,-4.794843,px4_default
90680000,-5.626826,0.207128,-4.784291,-5.869100,0.093682,-4.789943,px4_default
90720000,-5.636545,0.153222,-4.783929,-5.870699,-0.038121,-4.780473,px4_default
90720000,-5.644568,0.099252,-4.783306,-5.870699,-0.038121,-4.780473,px4_default
90740000,-5.649465,0.045175,-4.782254,-5.868516,-0.090897,-4.776316,px4_default
90760000,-5.652752,-0.008956,-4.780981,-5.862771,-0.169996,-4.769751,px4_default
90780000,-5.652831,-0.063189,-4.779274,-5.856853,-0.222764,-4.765110,px4_default
90800000,-5.651400,-0.117470,-4.777362,-5.845260,-0.301881,-4.757829,px4_default
90820000,-5.646710,-0.171843,-4.774969,-5.835542,-0.354632,-4.752795,px4_default
90840000,-5.640623,-0.226257,-4.772369,-5.817983,-0.433779,-4.744996,px4_default
90860000,-5.631253,-0.280739,-4.769224,-5.804441,-0.486489,-4.739661,px4_default
90880000,-5.620607,-0.335247,-4.765866,-5.780908,-0.565671,-4.731470,px4_default
90900000,-5.606615,-0.389787,-4.762026,-5.763292,-0.618431,-4.725899,px4_default
90920000,-5.591447,-0.444338,-4.758018,-5.733993,-0.697494,-4.717408,px4_default
90940000,-5.572908,-0.498880,-4.753587,-5.712287,-0.750220,-4.711689,px4_default
90960000,-5.553304,-0.553420,-4.749022,-5.677039,-0.829109,-4.703052,px4_default
90980000,-5.530335,-0.607891,-4.744086,-5.651602,-0.881622,-4.697256,px4_default
91000000,-5.506417,-0.662342,-4.739046,-5.610608,-0.960251,-4.688531,px4_default
91020000,-5.479134,-0.716643,-4.733735,-5.581539,-1.012479,-4.682711,px4_default
91040000,-5.451010,-0.770905,-4.728357,-5.535192,-1.090627,-4.674017,px4_default
91060000,-5.419557,-0.824931,-4.722768,-5.502607,-1.142495,-4.668254,px4_default
91080000,-5.387374,-0.878905,-4.717133,-5.450912,-1.220168,-4.659725,px4_default
91100000,-5.351907,-0.932552,-4.711349,-5.414772,-1.271730,-4.654105,px4_default
91120000,-5.315814,-0.986136,-4.705538,-5.358091,-1.348707,-4.645790,px4_default
91140000,-5.276504,-1.039304,-4.699613,-5.318566,-1.399916,-4.640389,px4_default
91160000,-5.236670,-1.092403,-4.693669,-5.256970,-1.476232,-4.632479,px4_default
91180000,-5.193694,-1.144994,-4.687668,-5.214290,-1.526855,-4.627374,px4_default
91200000,-5.150289,-1.197516,-4.681660,-5.147933,-1.602369,-4.620023,px4_default
91220000,-5.103816,-1.249442,-4.675686,-5.102261,-1.652306,-4.615292,px4_default
91240000,-5.057003,-1.301302,-4.669716,-5.031435,-1.726875,-4.608553,px4_default
91260000,-5.007220,-1.352476,-4.663853,-4.982831,-1.776195,-4.604256,px4_default
91280000,-4.957179,-1.403590,-4.657998,-4.907907,-1.849544,-4.598113,px4_default
91300000,-4.904277,-1.453925,-4.652312,-4.856691,-1.897985,-4.594232,px4_default
91320000,-4.851193,-1.504212,-4.646638,-4.778025,-1.969917,-4.588731,px4_default
91340000,-4.795366,-1.553622,-4.641194,-4.724337,-2.017514,-4.585334,px4_default
91360000,-4.739424,-1.602997,-4.635759,-4.642158,-2.088016,-4.580560,px4_default
91380000,-4.680866,-1.651396,-4.630613,-4.586281,-2.134484,-4.577639,px4_default
91400000,-4.622255,-1.699775,-4.625473,-4.500931,-2.203337,-4.573668,px4_default
91420000,-4.561162,-1.747074,-4.620677,-4.443062,-2.248571,-4.571258,px4_default
91440000,-4.500024,-1.794350,-4.615888,-4.354830,-2.315625,-4.568143,px4_default
91460000,-4.436640,-1.840484,-4.611479,-4.295131,-2.359652,-4.566342,px4_default
91480000,-4.373172,-1.886568,-4.607088,-4.204337,-2.424639,-4.564069,px4_default
91520000,-4.307687,-1.931452,-4.603105,-4.050115,-2.530149,-4.561587,px4_default
91520000,-4.242088,-1.976256,-4.599150,-4.050115,-2.530149,-4.561587,px4_default
91540000,-4.174694,-2.019804,-4.595628,-3.987494,-2.571280,-4.561026,px4_default
91560000,-4.107163,-2.063238,-4.592144,-3.892669,-2.631707,-4.560612,px4_default
91580000,-4.038052,-2.105364,-4.589109,-3.828946,-2.671195,-4.560673,px4_default
91600000,-3.968789,-2.147339,-4.586125,-3.732723,-2.729178,-4.561276,px4_default
91620000,-3.898154,-2.187956,-4.583600,-3.668117,-2.766920,-4.561955,px4_default
91640000,-3.827359,-2.228382,-4.581138,-3.570836,-2.822322,-4.563579,px4_default
91660000,-3.755394,-2.267404,-4.579141,-3.505675,-2.858317,-4.564959,px4_default
91680000,-3.683268,-2.306191,-4.577219,-3.407543,-2.910868,-4.567488,px4_default
91700000,-3.610165,-2.343532,-4.575759,-3.342039,-2.944984,-4.569566,px4_default
91720000,-3.536911,-2.380590,-4.574388,-3.243467,-2.994614,-4.573055,px4_default
91740000,-3.462865,-2.416162,-4.573474,-3.177681,-3.026702,-4.575683,px4_default
91760000,-3.388684,-2.451401,-4.572659,-3.078981,-3.073277,-4.580054,px4_default
91780000,-3.313889,-2.485118,-4.572291,-3.013099,-3.103238,-4.583180,px4_default
91800000,-3.238982,-2.518447,-4.572032,-2.914557,-3.146667,-4.588393,px4_default
91820000,-3.163631,-2.550223,-4.572206,-2.848756,-3.174468,-4.592002,px4_default
91840000,-3.088201,-2.581552,-4.572496,-2.750558,-3.214601,-4.597836,px4_default
91860000,-3.012488,-2.611299,-4.573202,-2.685272,-3.240242,-4.601936,px4_default
91880000,-2.936735,-2.640538,-4.574031,-2.587667,-3.277007,-4.608381,px4_default
91900000,-2.860854,-2.668170,-4.575252,-2.523093,-3.300404,-4.612915,px4_default
91920000,-2.784980,-2.695230,-4.576602,-2.426576,-3.333716,-4.619934,px4_default
91940000,-2.709124,-2.720660,-4.578318,-2.362644,-3.354760,-4.624779,px4_default
91960000,-2.633328,-2.745451,-4.580165,-2.267457,-3.384525,-4.632278,px4_default
91980000,-2.557690,-2.768594,-4.582350,-2.204338,-3.403132,-4.637360,px4_default
92000000,-2.482174,-2.791025,-4.584667,-2.110740,-3.429257,-4.645181,px4_default
92020000,-2.406944,-2.811795,-4.587289,-2.048846,-3.445397,-4.650472,px4_default
92040000,-2.331907,-2.831778,-4.590039,-1.956808,-3.467677,-4.658491,px4_default
92060000,-2.257277,-2.850090,-4.593061,-1.896270,-3.481225,-4.663937,px4_default
92080000,-2.182917,-2.867537,-4.596206,-1.805972,-3.499579,-4.672038,px4_default
92100000,-2.109077,-2.883304,-4.599586,-1.746654,-3.510503,-4.677491,px4_default
92120000,-2.035591,-2.898126,-4.603078,-1.658539,-3.524886,-4.685605,px4_default
92140000,-1.962731,-2.911266,-4.606768,-1.600570,-3.533125,-4.690997,px4_default
92160000,-1.890315,-2.923375,-4.610557,-1.514804,-3.543449,-4.699007,px4_default
92180000,-1.818622,-2.933803,-4.614504,-1.458272,-3.548979,-4.704248,px4_default
92200000,-1.747471,-2.943113,-4.618532,-1.375046,-3.555146,-4.712013,px4_default
92220000,-1.677132,-2.950746,-4.622678,-1.320363,-3.557859,-4.717074,px4_default
92240000,-1.607439,-2.957170,-4.626882,-1.239578,-3.559824,-4.724454,px4_default
92260000,-1.538639,-2.961924,-4.631165,-1.186846,-3.559689,-4.729269,px4_default
92280000,-1.470522,-2.965378,-4.635481,-1.108921,-3.557376,-4.736244,px4_default
92300000,-1.403275,-2.967177,-4.639842,-1.057949,-3.554386,-4.740724,px4_default
92320000,-1.336992,-2.967559,-4.644195,-0.982999,-3.547736,-4.747105,px4_default
92340000,-1.271819,-2.966312,-4.648538,-0.933878,-3.541901,-4.751081,px4_default
92360000,-1.207658,-2.963551,-4.652840,-0.861769,-3.531013,-4.756558,px4_default
92380000,-1.144569,-2.959183,-4.657098,-0.814578,-3.522373,-4.759846,px4_default
92400000,-1.082624,-2.953197,-4.661271,-0.745673,-3.507230,-4.764251,px4_default
92420000,-1.021799,-2.945626,-4.665359,-0.700728,-3.495726,-4.766776,px4_default
92440000,-0.962254,-2.936334,-4.669313,-0.634824,-3.476363,-4.769902,px4_default
92460000,-0.903869,-2.925484,-4.673145,-0.592112,-3.461982,-4.771497,px4_default
92480000,-0.846907,-2.912803,-4.676785,-0.529469,-3.438335,-4.773149,px4_default
92500000,-0.791135,-2.898595,-4.680264,-0.488840,-3.421121,-4.773774,px4_default
92520000,-0.736923,-2.882462,-4.683460,-0.429625,-3.393058,-4.774097,px4_default
92540000,-0.683914,-2.864846,-4.686436,-0.391182,-3.372908,-4.773918,px4_default
92560000,-0.632603,-2.845215,-4.689046,-0.335500,-3.340332,-4.772937,px4_default
92580000,-0.582497,-2.824153,-4.691395,-0.299474,-3.317173,-4.771757,px4_default
92600000,-0.534224,-2.800996,-4.693312,-0.247076,-3.280329,-4.769119,px4_default
92620000,-0.487146,-2.776470,-4.694948,-0.213264,-3.254341,-4.766840,px4_default
92640000,-0.442014,-2.749802,-4.696079,-0.164347,-3.213118,-4.762918,px4_default
92660000,-0.398048,-2.721847,-4.696908,-0.133153,-3.184006,-4.760020,px4_default
92680000,-0.356152,-2.691699,-4.697253,-0.088187,-3.138076,-4.755377,px4_default
92720000,-0.315397,-2.660343,-4.697331,-0.018671,-3.055205,-4.746883,px4_default
92720000,-0.276810,-2.626785,-4.696930,-0.018671,-3.055205,-4.746883,px4_default
92740000,-0.239316,-2.592117,-4.696288,0.007329,-3.019960,-4.743288,px4_default
92760000,-0.204003,-2.555334,-4.695034,0.044015,-2.964516,-4.737725,px4_default
92780000,-0.169693,-2.517579,-4.693500,0.067145,-2.926046,-4.733948,px4_default
92800000,-0.137623,-2.477779,-4.691475,0.099844,-2.866140,-4.728230,px4_default
92820000,-0.106490,-2.437124,-4.689246,0.120145,-2.824556,-4.724438,px4_default
92840000,-0.077663,-2.394513,-4.686795,0.148695,-2.760208,-4.718792,px4_default
92860000,-0.049712,-2.351161,-4.684261,0.166351,-2.715905,-4.715082,px4_default
92880000,-0.024048,-2.306035,-4.681613,0.190975,-2.647668,-4.709620,px4_default
92900000,0.000834,-2.260300,-4.678927,0.206066,-2.600928,-4.706085,px4_default
92920000,0.023458,-2.212984,-4.676229,0.226776,-2.529109,-4.700977,px4_default
92940000,0.045388,-2.165183,-4.673529,0.239389,-2.480237,-4.697686,px4_default
92960000,0.065099,-2.116012,-4.670915,0.256330,-2.405316,-4.693005,px4_default
92980000,0.084203,-2.066465,-4.668325,0.266458,-2.354487,-4.690075,px4_default
93000000,0.101137,-2.015773,-4.665913,0.279932,-2.277028,-4.686045,px4_default
93020000,0.117545,-1.964803,-4.663543,0.287725,-2.224534,-4.683668,px4_default
93040000,0.131843,-1.912928,-4.661435,0.297827,-2.144880,-4.680515,px4_default
93060000,0.145694,-1.860860,-4.659381,0.303484,-2.091182,-4.678741,px4_default
93080000,0.157504,-1.808141,-4.657665,0.310466,-2.009944,-4.676628,px4_default
93100000,0.168939,-1.755303,-4.656010,0.314168,-1.955436,-4.675557,px4_default
93120000,0.178414,-1.702080,-4.654756,0.318320,-1.873264,-4.674644,px4_default
93140000,0.187582,-1.648797,-4.653565,0.320215,-1.818329,-4.674367,px4_default
93160000,0.194881,-1.595412,-4.652832,0.321798,-1.735887,-4.674663,px4_default
93180000,0.201937,-1.542013,-4.652158,0.322066,-1.680989,-4.675278,px4_default
93200000,0.207223,-1.488806,-4.651985,0.321346,-1.598867,-4.676833,px4_default
93220000,0.212324,-1.435619,-4.651864,0.320180,-1.544451,-4.678356,px4_default
93240000,0.215768,-1.382929,-4.652276,0.317420,-1.463309,-4.681254,px4_default
93260000,0.219077,-1.330280,-4.652730,0.314966,-1.409667,-4.683631,px4_default
93280000,0.220851,-1.278446,-4.653735,0.310456,-1.330072,-4.687825,px4_default
93300000,0.222536,-1.226659,-4.654772,0.306903,-1.277583,-4.690994,px4_default
93320000,0.222820,-1.176017,-4.656363,0.300922,-1.200155,-4.696433,px4_default
93340000,0.223052,-1.125416,-4.657975,0.296525,-1.149376,-4.700418,px4_default
93360000,0.222025,-1.076298,-4.660129,0.289377,-1.074578,-4.706898,px4_default
93380000,0.220975,-1.027212,-4.662294,0.284376,-1.025949,-4.711614,px4_default
93400000,0.218830,-0.979940,-4.664970,0.276314,-0.954290,-4.718949,px4_default
93420000,0.216662,-0.932721,-4.667658,0.270847,-0.907967,-4.724138,px4_default
93440000,0.213599,-0.887584,-4.670794,0.262328,-0.840238,-4.732141,px4_default
93460000,0.210504,-0.842557,-4.673948,0.256554,-0.796501,-4.737639,px4_default
93480000,0.206708,-0.799865,-4.677477,0.247827,-0.733157,-4.746054,px4_default
93500000,0.202876,-0.757351,-4.681026,0.241904,-0.692265,-4.751688,px4_default
93520000,0.198533,-0.717406,-4.684866,0.233221,-0.633702,-4.760180,px4_default
